data/slope.asc
ncols         160
nrows         94
xllcorner     -88.279722219292
yllcorner     41.833093754158
cellsize      0.0012968749506399
NODATA_value  -9999
[rows 54 to 80 of 94, columns 61 to 121 of 160]
1.19848 1.882569 2.159597 3.025074 3.131382 2.499012 1.996383 1.882844 1.420203 1.418443 1.428378 1.017627 0.7846865 0.5041543 0.2154293 0.1759248 0.08407299 0.6209791 1.130625 1.36013 1.36799 1.639956 2.117979 2.110965 1.778443 1.391695 1.172593 1.179975 1.177689 0.9283012 0.8592767 0.7273389 0.1810079 1.211019 1.643993 1.689603 1.39754 1.697398 1.494245 0.6314805 0.6259376 1.088271 0.8696315 0.8485612 0.7743918 0.9782652 1.060512 0.1885878 0.173774 0.2916717 0.3393132 0.2671736 0.4284223 0.3954132 0.522575 1.033538 0.4835316 0.430566 0.9062285 0.8017271 0.5773994
1.106782 2.190542 3.139695 3.291903 2.855206 1.923452 1.188141 1.477551 1.347172 1.117183 1.226262 0.9695596 0.4857093 0.32081 0.6340556 0.4728948 0.3414178 0.4819978 0.8285299 1.04128 1.026303 1.696703 1.65604 1.037062 1.117775 1.290162 1.184881 0.854842 0.519617 0.4463652 0.7194787 0.7041867 0.2119292 1.58449 1.310879 0.3232499 0.5859032 1.436299 1.63782 1.061448 0.9657097 1.283417 0.9942731 0.6883076 0.7641975 0.649358 0.7544349 0.4021786 0.09281954 0.2015455 0.2422908 0.236977 0.2675145 0.08618914 0.3610986 1.123572 1.034216 1.011109 1.16349 1.151321 1.1438
0.936883 1.367881 1.0913 0.674796 1.145504 1.249868 0.6130927 0.9831965 1.276887 1.377437 0.8293709 0.322038 0.2342586 0.6206305 0.5712892 1.144775 0.6465511 0.1636512 0.5245494 0.951439 1.68651 2.365832 1.284434 0.3295016 0.4815303 0.6900678 0.5469201 0.6862603 0.5855427 0.5927122 0.7650574 0.733003 0.4038664 1.403457 1.706524 1.438717 1.030476 1.788343 2.128587 1.910516 1.527563 1.25457 0.9590649 0.8001137 0.8699008 0.8647949 0.6747555 0.3156542 0.1528093 0.1844889 0.1142167 0.1157894 0.2956969 0.2526155 0.2942297 0.999986 1.566494 0.7937612 0.9273281 0.6582699 1.145068
0.5166124 0.2676787 0.7056161 0.4668318 0.3577826 1.39415 1.743746 1.494544 1.956843 2.025992 0.8371944 0.1800807 0.2349631 0.7346485 0.5513362 1.82319 0.9748682 1.271986 1.54333 1.755275 1.883864 2.428661 1.181555 0.05442981 0.205291 0.09355205 0.9778093 1.182292 0.30112 0.7523551 0.8557295 0.8338135 0.1673086 0.8388487 0.8012888 1.08649 2.210607 3.154368 3.258231 2.761922 1.901884 1.19971 0.8314903 0.6610572 0.5827095 0.4952323 0.4008435 0.2791165 0.196895 0.2074637 0.2206564 0.2862577 0.1985571 0.3049821 0.4296795 0.4977767 0.5138819 0.510765 0.7572345 1.269466 1.386571
0.5887648 0.5331134 0.525225 0.5385207 0.669148 0.5358912 0.9665508 1.593013 2.436762 2.121704 1.711597 1.540919 0.869023 0.9369529 1.211813 2.173373 1.535892 1.419724 1.431238 1.188318 1.191298 1.717747 1.060582 0.1826968 0.3368246 1.120818 1.376998 0.2517255 1.067229 0.9771382 0.7662826 0.935472 0.2221007 1.135118 1.509062 2.254181 3.275382 3.471959 2.795997 1.690912 0.9625056 0.81476 0.7109231 0.6875257 0.7660241 0.8041839 0.6294314 0.353648 0.07889503 0.1157522 0.1998071 0.3108862 0.4617042 0.2009615 0.4653766 0.880162 0.4422816 0.5298331 1.409497 2.518999 2.539329
1.106984 0.6098855 0.3412401 0.2701401 0.756157 1.083576 0.9342912 1.198801 1.947109 1.388682 1.181667 2.060094 2.224511 2.0847 2.032704 2.142636 1.53319 0.8893021 0.7211164 0.4062478 0.6596583 1.41527 1.187583 0.2900889 0.9877083 1.221078 0.4647922 1.150241 1.53836 1.149958 0.9966558 0.7582164 0.392785 1.790129 2.42111 2.854315 3.316238 2.825154 1.478795 0.3827556 0.4868416 0.2308953 0.2105664 0.3876754 0.6130503 0.7738338 0.8393325 0.5316719 0.1477586 0.2279963 0.3855174 0.4978923 0.5253294 0.5448124 0.6514798 1.013328 1.882903 2.716031 3.368868 3.323843 2.503812
1.196326 0.8347068 0.5536518 0.3493264 0.6065127 0.6698362 0.3959825 1.223766 2.292861 1.87641 1.269024 1.460697 1.567461 1.314092 1.779187 1.984133 1.345232 0.7001237 0.7279763 0.944088 1.186351 1.334389 0.7631007 0.538475 0.8644496 1.269079 0.8133789 1.799887 1.149872 0.5821135 0.5680884 0.2070183 1.046242 2.739156 3.175358 2.965364 2.861616 1.81269 0.3427846 0.5755916 0.7316476 0.7396668 0.7498968 0.9319839 1.13811 1.103715 1.099789 0.4417128 0.2456724 0.4024884 0.4967827 0.8676159 1.001802 1.31464 2.156623 3.027197 3.416937 3.249868 2.730545 2.043802 1.286624
1.031401 0.9267824 0.7160236 0.4169129 1.426818 1.412123 1.021791 0.9883096 2.124187 2.527707 1.474248 0.686657 1.079875 0.7487605 1.577122 1.910901 1.704029 1.564105 1.716379 1.992897 1.887781 1.04858 0.09478537 0.4597737 0.5913756 0.5091863 0.6637542 1.404176 0.6126122 0.3714364 0.2952066 0.7665544 2.139278 3.400858 3.131615 2.41363 1.707955 0.7506741 0.9033921 1.149651 1.089187 1.155387 1.422061 1.749407 1.911648 1.904395 1.266316 0.6080905 0.4512427 1.143366 1.795277 2.063951 2.100992 2.259295 2.626605 2.535504 2.018959 1.598662 1.186527 1.084866 0.9218643
1.252539 1.100418 0.9041331 1.592401 2.65381 2.039542 1.398191 0.9408382 1.560626 2.702163 1.782857 0.691409 1.38335 1.547705 1.791566 1.748371 1.437029 1.823531 1.977244 1.69722 1.284667 1.146041 1.208891 1.090255 0.7594429 0.3846511 0.6485242 1.196277 1.240365 0.8589502 0.4111239 1.436985 2.552295 3.00995 2.309759 1.425634 1.034857 1.174236 1.571758 1.890847 2.027444 2.206179 2.127824 1.642723 1.293697 1.285627 1.40087 1.455223 1.383499 3.02181 3.016021 2.315164 2.015818 1.883386 1.533188 0.8407983 0.4515634 1.021538 0.9323311 0.3244592 0.2402102
1.54719 1.603623 1.63498 2.172665 2.12883 1.282068 1.636342 1.538682 1.246554 2.384346 1.952447 0.8094912 1.411118 2.042785 2.195257 1.810651 1.130037 0.831248 0.4958731 0.2651804 0.3310036 0.2140115 0.3646095 0.8216014 1.286564 0.5774332 0.1754973 0.5336259 0.9583804 0.9562369 0.9877158 1.859897 2.200455 2.409602 1.829313 1.285825 1.099566 1.286745 1.68357 2.029308 2.276907 2.537946 2.299955 1.890559 1.671027 1.607867 1.886066 2.20602 3.367778 3.620243 2.147664 1.056666 0.8007237 0.656858 0.387521 0.1454115 0.1225951 1.059062 1.071087 0.3184968 0.4248282
1.160277 1.097937 0.5263841 0.926724 1.199969 1.082464 0.5601188 0.8640003 1.236776 2.653495 2.363164 1.953184 1.727803 1.515023 1.214877 0.6512956 0.1924056 0.3920903 0.913633 1.019607 1.11318 1.534089 2.060018 2.157963 1.289271 0.1885097 0.8161812 1.133568 1.590958 0.7911528 1.064819 1.288203 1.34424 1.830941 2.206684 2.199843 2.198402 2.469075 2.294381 1.855281 1.716902 1.74168 2.058282 2.393214 2.515269 2.326133 2.370155 2.870965 3.388496 2.422509 1.266288 0.7608969 0.3478471 0.4286253 0.7304147 0.7496036 0.4931366 1.078819 0.9835871 0.257985 0.3386551
1.084418 1.189403 0.7220787 0.9021816 0.9946447 1.193714 1.803793 1.039915 2.344085 3.666552 2.869464 1.919691 0.9266001 0.2970267 0.1900728 0.1720773 0.3575875 0.8486072 0.6894585 0.1732225 0.6786259 0.8684272 1.063898 1.383099 1.220477 1.14633 1.209943 1.484354 1.265449 0.6956422 1.319349 1.474746 1.965504 2.919086 3.792376 4.282676 4.330117 4.070272 3.606336 2.922644 2.182812 1.738654 1.876745 2.129232 2.109592 2.27758 2.588198 2.797973 2.029711 0.8588217 0.673268 1.066105 1.269412 1.418242 1.476487 1.630694 1.613754 1.734669 1.554524 1.079167 0.8021114
1.341215 1.720665 1.40769 0.9486791 1.075082 1.03842 1.048768 2.698585 3.792634 2.782526 1.071226 0.2016163 0.1667919 0.1040811 0.07182186 0.04552894 0.5059426 0.5725765 0.3232108 0.7097376 1.209538 1.882638 2.359523 2.344268 2.21423 1.94725 0.9574424 0.5796714 0.05188658 0.4855969 0.6590353 1.031482 1.140473 1.008503 1.211778 1.678996 2.000876 2.073893 2.213268 2.487279 2.096353 1.079676 0.3866257 0.3369423 0.783474 1.358246 1.692524 1.418386 0.7705742 0.8525472 1.590381 2.087754 1.788241 1.364272 1.1383 0.9889396 1.212641 1.412467 1.306064 0.9484461 0.7722479
1.083036 1.815453 2.019077 1.588756 1.824832 2.187867 2.982581 4.171004 3.585035 0.8661975 0.2446413 0.3781664 0.3175885 0.2873963 0.6473517 1.674844 2.53673 2.596451 2.737641 2.904946 2.175689 0.8762261 0.4895451 0.9214082 0.3038951 1.126865 1.793 2.155822 2.055653 1.365787 0.6962667 0.6528031 0.8931093 0.981199 1.001095 0.9540523 0.8756714 0.7442117 0.5682427 0.181878 0.8666785 1.22991 0.6881646 0.5124926 0.4001282 0.0576655 0.2410702 0.7484887 1.04254 1.217952 1.652994 1.480438 0.6723028 0.5685338 0.5390883 0.8186893 1.288544 1.284167 1.176379 0.9992019 0.2222686
0.2741751 0.8624094 1.507672 1.355789 1.705408 2.139454 3.046619 3.372087 1.742941 0.08964024 0.5188518 0.7834061 1.178553 1.682078 2.559369 3.440823 3.409416 3.600343 4.759959 5.682047 6.050899 5.39582 4.000902 3.180275 4.186255 4.983434 5.189237 4.981146 4.621883 4.274358 3.623352 2.503757 1.419962 0.7719157 0.5231346 0.4011882 0.4649299 0.6017256 0.7470724 0.8179651 0.3628905 1.528761 1.002137 0.2531168 1.007059 1.384779 1.57732 1.655677 1.373864 1.07202 1.174045 1.10007 1.180839 1.534511 1.505583 1.080143 1.067015 1.170797 1.305214 0.9903498 0.775467
0.5418756 0.6038396 1.066601 1.071084 1.498523 2.461298 2.5254 1.369054 0.214965 0.7764807 1.372983 2.117758 2.60482 3.139977 3.908393 3.561153 2.342264 2.392418 3.148053 2.9248 3.704749 4.439608 4.715199 4.52569 4.982915 4.394209 4.302765 4.594835 5.065959 5.269228 4.780994 3.578126 2.700052 2.46001 2.166127 1.52276 0.908179 0.6625299 0.6043749 0.881419 0.04159561 1.294163 1.211343 0.9762323 1.128921 1.468997 1.323329 0.6598505 0.2104456 0.310964 0.6263269 0.7451581 0.7063873 0.6939979 0.7709161 0.3172731 0.8826275 1.302132 1.36892 0.5291423 1.48933
0.79352 0.6219353 0.7628447 0.9931139 2.042036 2.991154 1.630856 0.1366157 0.9499007 1.53216 2.209155 2.741848 2.866478 2.952688 2.994322 2.452094 2.537527 2.692848 1.94906 0.5528191 0.5970119 1.116551 2.023285 3.244587 3.179776 2.101176 1.959831 2.194655 2.570905 2.977716 3.567691 3.626576 4.199659 4.546442 4.176358 3.067235 1.637639 1.151477 1.156097 1.108704 0.05036107 1.061071 1.292998 1.49279 1.178226 0.5238836 0.2283474 0.5503153 0.7414787 0.9111648 1.086287 1.345414 1.323237 1.233202 1.50747 1.741048 1.898219 1.825467 1.322652 0.6652288 1.852718
0.2449373 0.3940445 0.7140463 1.431051 2.56332 2.219227 0.1434831 1.00116 1.408149 1.835503 2.830562 3.342478 2.372918 1.418912 1.78027 1.726155 1.764587 1.605134 0.7858436 0.2274623 0.4552845 0.7417762 0.3381484 1.537626 0.7022088 0.2223484 0.8544687 1.212221 1.042502 1.605316 2.276907 2.678214 3.357676 3.326212 3.455444 3.392499 2.904404 2.343961 1.931776 1.481223 0.1653442 0.7044338 0.8489789 1.353692 1.73009 1.468847 0.9998775 0.9288784 0.8140051 0.9793317 1.283033 1.565454 1.834785 2.063781 2.24506 2.287615 2.035451 1.475619 0.6441348 0.7871177 1.936638
1.0309 1.774575 2.089655 2.200184 1.972034 0.7451152 0.9510617 1.367926 1.208505 1.675129 2.828325 2.512239 1.095389 1.091256 1.917593 1.833654 1.275609 1.062413 0.876602 0.4910643 0.4481614 0.7823352 0.472093 1.272267 0.8686686 0.957437 1.157652 1.090641 0.2302171 1.057877 1.239889 1.008732 0.6190912 1.043675 2.10476 2.596575 3.037438 3.094943 2.672638 1.767917 0.3850406 0.6951817 0.5120707 0.5073546 0.8871306 0.8942133 0.4351441 0.8224422 0.9036834 0.9941602 0.8789024 0.4087749 0.3142074 0.6344115 0.8825864 0.9684584 0.9286554 0.8122351 0.8620763 1.36402 2.000778
1.860482 2.258075 1.977369 1.622137 0.9818636 0.5270621 1.383612 0.9162804 0.6259007 1.419391 2.685122 2.928278 1.365371 0.7440383 1.389263 1.031576 0.7844177 0.5649803 0.6831434 0.8944956 0.5311574 0.3627101 0.3601601 0.6475344 0.3534136 0.4115323 1.090496 1.462983 1.487492 1.087846 0.53023 0.2914681 0.6263354 0.8900631 0.9520329 1.140831 1.924665 3.005603 2.631092 1.829189 0.5824631 0.5685604 0.3116468 0.409973 0.8131418 0.7566099 0.2680176 0.8616702 0.5382622 0.09804148 0.5987995 1.50446 2.135749 2.418677 2.53015 2.726275 2.915484 2.671741 1.984253 1.458583 1.46227
1.580247 1.462875 0.8641592 0.6037967 0.4885058 1.390286 1.155221 0.3058877 0.3765829 1.107894 2.062075 2.747801 2.719796 2.21131 1.755209 1.435348 2.107935 2.730062 2.577729 1.983174 1.30222 0.8339885 0.5092354 0.5406446 0.4720108 0.3428899 0.5371602 0.5881521 0.8780074 1.072735 0.8031007 0.420124 0.4755008 0.740693 0.7491722 1.270416 2.39852 2.888618 1.958159 1.425715 1.079948 0.2356979 0.3180189 0.4767564 0.786967 0.556462 0.6898589 0.8497728 0.4584039 1.338038 1.745864 2.165223 1.949794 1.536034 1.547936 1.720776 1.890692 2.181525 1.832378 1.284793 0.9092498
1.504126 1.382216 0.9063856 0.1820965 1.105675 1.313438 0.7143193 0.2577443 0.2025772 0.5491261 1.319109 1.865678 2.176187 1.953707 1.42134 1.292033 1.938412 2.092831 2.113776 1.869927 1.668615 1.572349 1.151484 0.8679449 0.8046046 0.4621395 0.3753321 0.1673759 0.165904 0.2759573 0.3981784 0.3620658 0.5742694 0.953567 0.7482209 1.104622 2.418113 2.835002 1.809402 1.386935 1.432736 0.8897772 0.23897 0.5646712 0.6332238 0.5833162 1.122629 0.1974708 1.649857 1.947334 1.972234 2.142087 1.805282 1.26091 0.746558 0.5269325 0.06210187 0.7841798 0.7440646 0.9660046 1.108351
1.351918 1.330252 0.6293155 0.4855606 1.046437 1.000872 0.9240018 0.5998101 0.5655094 0.3077418 0.9038061 1.549243 2.053188 1.695001 1.338673 1.742879 1.414421 0.7871357 0.5898308 0.4551878 0.5048668 0.7091607 0.7223917 0.8395225 0.848877 0.6246175 0.4922537 0.3710055 0.2162102 0.7284296 0.7555267 0.4893729 0.541156 0.9915652 0.889514 1.034675 2.172868 3.013164 2.550353 1.533677 1.098642 1.174898 0.5215673 0.2976004 0.6946285 1.00751 0.6967437 1.113681 1.923614 1.611464 1.830746 2.049747 1.353763 0.6855258 0.7423142 1.110174 1.078027 0.583809 0.1318853 0.3629131 0.4060754
1.029911 0.4282758 0.5266277 0.6267513 0.6042649 0.7463871 1.278683 1.273739 0.899178 0.8964356 0.3797528 1.465527 2.100498 1.49358 1.138346 0.6240868 0.1124726 0.3620398 0.428356 0.7204309 0.9730076 0.8414351 0.7962441 0.965618 0.5546491 0.3712414 0.8119475 0.8236094 0.8105036 0.8664936 0.3505228 0.05819361 0.4357755 0.7046756 0.7450035 0.8359126 1.144002 1.875106 2.154706 2.105393 2.448241 2.541677 1.99414 1.161204 0.5679426 0.564986 0.9949177 1.598235 1.731103 1.614002 1.631516 0.9452368 0.7055492 1.63124 1.663483 1.300172 1.147419 0.7920846 0.9339366 1.39724 1.8497
0.2510038 0.6958743 0.8106716 0.5452394 0.4269774 0.6448019 1.287428 1.556908 0.3770253 0.7359996 0.206721 1.241854 1.905053 0.9634771 0.301073 0.5184453 0.3382487 0.2373427 0.3415669 0.5758258 0.7430547 0.7873036 0.9217674 1.073726 1.110234 1.190334 0.8990125 0.9784602 1.323434 0.6783077 0.2085339 0.18921 0.5707297 0.8026592 1.166952 1.232555 1.157105 1.220183 1.274869 2.676535 3.319829 3.333006 3.132381 2.889415 2.250428 1.551359 1.307059 1.033764 1.203282 1.370904 1.638525 2.136332 2.227118 2.370558 2.124004 1.724175 1.808559 1.89082 2.404707 2.71841 2.567057
0.5795662 0.8263687 0.103693 0.292927 0.3228716 0.5836646 1.201747 1.777046 1.32979 1.140739 0.3771932 1.207031 1.495438 1.359853 1.363971 1.483266 1.56618 1.293461 0.9477923 0.8957229 0.8508198 0.8487328 1.124534 1.40246 1.434123 1.0718 0.9850377 1.700087 1.401902 0.3131624 0.02046678 0.1713477 0.7449775 0.8509349 0.9478701 0.9073412 0.8697722 1.220177 1.434617 1.151957 1.097584 1.618854 1.556271 1.917598 1.907832 0.8009967 0.1371519 0.5022314 1.247563 2.013752 2.216695 2.29051 2.269655 2.338328 1.920485 1.636426 1.85503 1.905254 1.777218 1.069648 0.7504417
0.5588173 0.6080185 0.4366255 0.4490522 0.4581269 0.6082 1.02031 1.598336 1.604086 1.437249 1.270001 1.57644 1.863594 2.156524 2.103301 2.016355 2.012229 1.836641 1.272149 0.9360651 0.6066199 0.2973256 0.3414596 0.3330906 0.305218 0.5813423 1.218797 1.738413 1.3747 0.7753006 0.591334 0.4419214 0.8729467 0.6785176 0.4629329 0.7741647 0.942269 0.7500163 0.2021212 0.4571012 1.223075 1.482605 1.226863 1.571966 1.974254 1.336576 1.025032 1.199714 1.244688 1.436694 1.597974 1.686061 1.584623 0.9711066 0.2006924 0.8601407 1.024596 1.186401 1.595627 1.602421 1.45232
