data/slope.asc
ncols         160
nrows         94
xllcorner     -88.279722219292
yllcorner     41.833093754158
cellsize      0.0012968749506399
NODATA_value  -9999
[rows 0 to 26 of 94, columns 0 to 60 of 160]
0.4502732 0.6859841 1.175444 1.148032 1.153776 1.518586 1.785665 1.712206 1.001078 0.2263447 0.1826471 0.2365122 0.2641565 0.2963864 0.2968622 0.4017468 0.568146 0.7516795 0.5348867 0.06920847 0.3813 0.2199716 0.2992437 0.316062 0.29957 0.1933021 0.1514982 0.2456121 0.6652023 0.6109493 0.1936829 0.1294656 0.09287909 0.1483085 0.2023254 0.2389992 0.3457491 0.4134487 0.5438607 0.3069778 0.4611702 0.7561256 1.062 0.5500236 0.5500808 0.8325846 1.273129 1.192795 0.7967721 0.7018543 0.2429254 0.08338411 0.1895104 0.1541127 0.05780838 0.6939752 0.603115 0.6348353 0.3640302 0.9777277 0.7983567
1.515595 2.348046 2.90328 3.061587 2.923833 2.936382 2.918342 2.220043 0.9463093 0.1465299 0.1477984 0.4137215 0.6468222 0.7363234 0.838155 1.061606 1.207699 1.025832 0.4556575 0.2888394 0.6443733 0.610019 0.5947146 0.5836196 0.5832812 0.594781 0.5873074 0.5800056 0.7424566 0.5038337 0.2172155 0.2901687 0.2436918 0.2793102 0.3499119 0.3759436 0.4078788 0.5598981 0.7817917 0.6438851 1.075964 1.878548 1.951956 1.405375 0.9774325 0.5485089 0.9741259 1.247447 1.312463 0.9998152 0.4142377 0.1562146 0.1785037 0.1504078 0.2001657 0.8263137 0.7633617 0.7646682 0.9534639 0.947209 0.9420984
2.470576 3.489436 3.801096 4.160326 4.213774 3.84588 2.86198 1.550672 0.6139299 0.529107 0.7722672 1.020373 1.123391 1.164717 1.16863 1.101381 0.8066213 0.3148463 0.2673561 0.516983 0.6223737 0.4159462 0.3043554 0.3264803 0.3830062 0.4475485 0.4021878 0.5138169 0.6525121 0.5002675 0.3820538 0.3373365 0.3191184 0.3820646 0.4732112 0.4062328 0.4063794 0.6753714 0.8575174 0.9447631 1.432296 1.757088 1.405365 1.278243 1.377473 1.174617 1.003661 1.225844 0.9690766 0.9435766 0.8823211 0.6090352 0.3528869 0.1536006 0.189598 0.7162998 1.272871 1.499994 1.433918 0.8341255 0.5492648
2.778712 3.412328 2.919667 2.83165 2.755567 2.430592 1.780489 1.22741 1.117277 1.22257 1.293253 1.207821 1.019177 0.8229794 0.5478434 0.2590939 0.09261025 0.3850124 0.2902531 0.3664011 0.6312504 0.5350084 0.3082173 0.2159256 0.302556 0.4765806 0.3405544 0.4073856 0.4374106 0.2394645 0.1308475 0.2109136 0.2416627 0.2727177 0.5152144 0.6576595 0.8322871 1.123825 1.13275 1.200065 1.350204 0.8125874 0.4615115 0.5698684 0.5571439 0.9737926 0.7885225 0.7657836 0.4179618 0.5778565 0.8225095 0.7509142 0.4201366 0.1884491 0.2296761 0.5434245 0.8139849 1.00774 1.231742 1.116984 1.275818
1.518992 1.272322 0.5623081 0.4569072 0.3993654 0.3138238 0.443367 0.6161982 0.8155932 0.9311036 0.8988085 0.6509905 0.4433267 0.3809835 0.2528475 0.2732962 0.3746144 0.3085117 0.04991594 0.3024323 0.6242009 0.6910369 0.5258505 0.3324017 0.2936313 0.5605718 0.7310315 0.5007322 0.4314137 0.4784823 0.5998111 0.5699546 0.3046612 0.2838351 0.4143091 0.8370395 1.174116 1.347499 1.264661 1.185636 0.8828215 0.1682839 0.4582077 0.9143053 0.8055949 0.4629181 0.6694927 0.4894691 0.246168 0.09761976 0.4958922 0.9203457 0.5604736 0.1938549 0.2599935 0.6829309 0.7739184 0.8269978 1.596044 2.096457 2.757175
0.6637504 0.7042767 0.8414067 0.8806768 0.9691022 0.9464647 0.5480256 0.3094302 0.4155577 0.7817715 1.111988 0.9204846 0.389519 0.431999 0.2487454 0.2367285 0.3244312 0.3154384 0.182823 0.1410779 0.3771912 0.6215784 0.5574201 0.3015228 0.2191558 0.6344833 0.8842239 0.5352566 0.3918741 0.5536208 0.5824285 0.3845449 0.1779192 0.3603212 0.4647527 0.4590804 0.7312825 0.985931 0.9752421 0.5338429 0.3246375 0.8466753 0.9020718 1.168269 1.432316 0.5385617 0.4402833 0.9420132 1.009278 0.7641132 0.277343 0.8802262 0.8086129 0.5525575 0.4585418 0.3162443 0.6134713 1.440351 2.59545 2.425615 2.26186
0.8868661 1.085602 0.9595059 0.9935007 0.8630226 0.7901164 0.7909903 0.9618196 1.338039 1.920565 2.180153 2.015376 1.176777 1.103442 1.21827 1.225046 1.153845 1.121629 1.042996 0.8465128 0.4073782 0.3943917 0.5972964 0.3434113 0.2918966 0.5627054 0.8002732 0.644962 0.4686795 0.4444312 0.3545446 0.6159104 0.4670777 0.6054339 0.5237867 0.3540835 0.6907877 0.8981736 0.6740334 0.5175756 0.7564235 0.2060285 0.3222883 0.7149888 1.520388 1.005879 0.794239 1.015076 0.6959504 0.6209306 0.4046413 0.9779425 1.82831 1.668762 1.399281 1.2047 0.7477127 1.930946 3.262681 2.177566 0.5857182
0.06238842 0.534797 0.3646563 0.2313606 0.1695222 0.3782149 0.7348208 1.380477 1.763213 1.667856 1.104355 1.573075 1.773433 2.648221 2.922436 2.944307 2.815942 2.561037 2.058822 1.482499 0.8885132 0.4321917 0.7436209 0.3948136 0.2260686 0.3394823 0.6774238 0.805207 0.6857863 0.4739165 0.272746 0.4235215 0.2077674 0.7119909 0.7233913 0.4036822 0.8074291 0.9519411 0.4062116 0.6679609 0.3468263 1.327437 1.334788 1.078201 1.322632 1.427373 1.161435 0.326755 0.9954862 1.626276 1.91906 2.139975 2.009737 2.084336 1.635957 1.520904 2.073587 3.19911 3.219259 1.336829 0.221875
0.6343389 0.6493844 0.4523027 0.4567132 0.6144246 0.854122 1.358985 1.986187 2.272825 1.92094 1.43114 1.534868 2.367943 2.709582 2.225155 1.966019 1.754521 1.398373 1.29519 1.453028 1.044301 0.3520074 0.7078522 0.2176535 0.0609867 0.1838373 0.4275855 0.6364665 0.6554241 0.4147413 0.1205098 0.2177406 0.2570541 0.3719158 0.8504599 0.6686002 0.7873328 0.8177914 0.5284014 0.7627091 0.4888849 1.248383 0.4552588 0.7638467 1.267284 1.309446 0.8175718 0.1043009 1.445226 1.830802 1.625782 1.530553 1.383255 2.021227 2.106079 2.470752 3.421413 3.388644 2.142056 0.9315134 0.7445235
1.738421 2.153134 1.933283 1.718105 1.617982 1.70522 2.159639 2.723556 2.769279 2.552416 2.436214 2.224276 2.474931 1.863962 1.040048 0.6215876 0.512547 0.9580705 1.429575 1.459268 0.9135058 0.2011428 0.5976048 0.4098578 0.1776046 0.2549668 0.5030205 0.5870722 0.5274881 0.3781252 0.2361762 0.1144847 0.3364236 0.3300269 0.5792367 0.750733 0.7659407 1.01021 0.9813513 0.726288 0.7970794 1.306949 0.9150965 0.6807593 0.9325144 0.8298446 0.5463734 0.04815153 1.451888 1.871409 1.670365 1.332407 0.4161976 1.114509 1.856501 2.525226 2.387413 1.555368 0.9230223 0.6118744 0.4207301
1.241309 1.593535 1.180065 0.8095596 0.759427 1.56215 2.718454 3.168132 2.709142 2.442826 2.68748 2.430049 1.709939 0.7954834 0.7952537 0.8259261 0.9301693 1.177796 1.308211 1.044372 0.7770189 0.5557843 0.205653 0.3695617 0.2997562 0.3473133 0.4595688 0.5003487 0.4504253 0.3650741 0.3102766 0.2332794 0.192371 0.3976893 0.5224369 0.4613969 0.3340847 0.2762449 0.1956286 0.1206393 0.6682051 0.9750219 1.083141 1.141747 0.8931952 0.6082606 0.4206113 0.1005595 0.9715909 1.526207 1.956868 2.10846 0.9407846 0.4887042 0.7124535 0.7468554 0.6707508 0.285278 0.08918612 0.02919686 0.005295019
0.8526831 1.32238 1.554054 1.524703 1.102567 1.841235 2.516226 1.929351 0.9851767 0.9209405 1.455161 1.497978 1.041293 0.9771628 1.093023 1.011271 0.8635229 0.7937961 0.8677149 0.9865051 1.199823 1.219765 0.7911005 0.381752 0.2545857 0.3301917 0.4536409 0.5584404 0.5044545 0.3806542 0.3152888 0.2948173 0.3000515 0.3251102 0.3635016 0.4538548 0.6686847 0.8683838 0.8167661 0.4202349 0.4747991 0.7759089 1.048497 1.31498 1.080381 0.664454 0.4916037 0.2124376 0.4886077 1.045601 2.09429 2.31974 1.124631 0.4131503 0.1571374 0.3523324 0.6131686 0.2345728 0.01067995 0.007052593 0.05785441
1.42784 1.940958 2.008002 1.644048 1.604443 2.381472 2.583827 2.30183 1.975455 1.361821 0.6508315 0.4437101 1.332649 1.470227 1.038875 0.6604951 0.6667731 0.6740988 0.7376853 0.7625541 0.6981854 0.8713149 0.8233875 0.4967646 0.1816032 0.1304313 0.4035411 0.6258854 0.5787576 0.4008631 0.3054041 0.2823788 0.3245706 0.4101293 0.4052375 0.3791007 0.5503032 0.5444918 0.1191027 0.3566945 0.2325295 0.667901 1.023318 1.407018 1.210242 0.9100515 0.8047577 0.4740229 0.04082988 1.066574 2.144462 1.98426 2.004143 2.132042 1.797241 1.302622 1.092683 0.8096126 0.4717876 0.3786788 0.4420408
0.6603636 0.3164436 0.3808399 0.8593661 1.550484 1.938357 1.737788 1.578031 1.432581 1.008127 0.7608456 0.5399057 1.39504 1.573973 0.9537484 0.4225325 0.4340668 0.4255507 0.3704457 0.3729827 0.4376407 0.4874511 0.4662979 0.3637791 0.2347305 0.07132322 0.2730948 0.6091652 0.609202 0.4129718 0.2971006 0.2670612 0.3170883 0.4243334 0.5603468 0.6507162 0.8108911 1.033226 0.9343467 0.5829777 0.3430513 0.5852845 0.9589635 1.386616 1.484041 1.462512 1.247942 0.4259889 1.218412 1.418215 0.7984322 2.368123 3.649897 3.927346 3.772183 3.44065 2.925447 2.431278 2.027913 2.161009 2.445864
0.79014 0.9287812 0.9648048 1.857998 1.943464 1.901532 1.816103 1.880123 1.890192 1.298561 0.481294 0.5922301 1.509747 1.576853 1.040727 0.6650171 0.5979589 0.5047318 0.3884338 0.3653792 0.5060372 0.5127035 0.4772594 0.363196 0.1551618 0.1063363 0.2834016 0.5225062 0.5394981 0.394142 0.3202992 0.2974145 0.3195274 0.3971378 0.5388908 0.6804217 0.7153366 0.643706 0.4447587 0.2564574 0.3505068 0.1623085 0.5453117 1.192012 1.375904 1.873732 1.883431 1.500909 2.033432 1.439536 1.12327 1.7143 1.979051 2.356739 2.446144 2.399353 2.400611 2.742643 3.223179 3.554181 3.742584
0.2924072 0.3639452 1.165316 2.23709 1.997282 1.795107 2.219214 2.400727 1.720044 0.7545796 0.6278514 1.103249 1.523388 1.320426 0.6665441 0.4015791 0.4237966 0.4847318 0.5174806 0.566075 0.6995975 0.7545324 0.580961 0.2618396 0.07249457 0.1903113 0.2786685 0.3955146 0.4056136 0.333581 0.3074466 0.2715522 0.1956115 0.1323262 0.2280346 0.4384236 0.6467861 0.7949162 0.7725595 0.743231 0.6817566 0.62501 0.2389092 0.6566598 0.6009349 1.206287 1.716825 1.463402 1.155654 0.8478978 1.897827 1.935948 0.9760747 0.3089988 1.132952 1.693146 2.055572 2.526538 2.798007 2.390276 2.164025
0.2198528 0.1323665 1.28342 1.800812 1.16661 1.212035 2.00215 1.641937 0.2977745 1.301349 1.31825 1.341121 1.202244 0.7420061 0.6325107 0.8050649 0.8358774 0.570825 0.4793668 0.6909173 0.806218 0.659023 0.3470389 0.1195219 0.2491195 0.1922414 0.2179518 0.2962146 0.2944266 0.2338325 0.2361757 0.2559859 0.1890031 0.04307681 0.1408515 0.1385407 0.3501914 0.8634617 1.237911 1.304171 1.16502 1.050199 0.2067418 1.084414 0.8683406 0.3816519 0.6475989 1.19846 1.220774 1.269234 2.125029 2.15163 1.580782 0.9060184 0.4633884 1.48208 1.891729 1.914331 1.502086 0.8195636 0.6712593
0.2854625 0.5101328 1.216603 1.746353 1.53765 1.444578 1.576112 0.9188418 1.4799 1.561484 1.171611 1.015438 0.7063333 0.3534769 0.2592297 0.5046265 0.9065054 0.7743122 0.4948647 0.4212047 0.4174462 0.4836856 0.3727681 0.2122607 0.2622684 0.1580768 0.1832414 0.2741442 0.3142416 0.2782868 0.2279292 0.2213661 0.1635208 0.1198569 0.1370103 0.05856581 0.09226312 0.4388756 0.985636 1.503178 1.669557 1.219498 0.9527025 1.244027 0.4800442 0.2484525 0.8421562 1.258027 1.131106 1.089793 1.819606 1.786678 1.281016 1.265568 1.123789 0.2121384 0.3328977 0.1149749 0.7846763 1.146993 0.7957199
0.3732551 0.8916032 1.684283 2.150844 1.654593 1.124726 0.8916101 0.8814555 1.276858 0.976428 0.7252719 0.8020164 0.8558828 1.041914 1.207184 1.136865 0.9421559 0.6593966 0.3866313 0.3512063 0.4662549 0.5906988 0.5777829 0.2825669 0.0958942 0.1651063 0.2396543 0.3382276 0.3779428 0.2997571 0.1912105 0.126421 0.06992685 0.08047573 0.05950795 0.01773168 0.004516211 0.02849293 0.1047874 0.276037 0.4907927 0.7921531 1.428744 1.517649 0.8394462 0.3858442 0.8732324 0.6307554 0.161464 1.004512 1.631058 1.396003 1.161321 1.331863 1.264006 0.5114172 0.5553021 0.6935736 0.8798115 1.18968 0.7328234
0.3657688 0.9046107 1.680438 1.544358 0.6283456 0.811213 1.085973 1.151523 0.9358794 0.6793007 0.7408884 0.9775615 1.247756 1.118138 0.8448049 0.7095153 0.5490485 0.1899014 0.2819023 0.329189 0.1485143 0.2406878 0.3676453 0.2999399 0.1803263 0.2499364 0.3076399 0.4316771 0.4778382 0.3995855 0.2195913 0.06023855 0.002293137 0.02817142 0.009505681 0 0 0 0 0.004478761 0.0406641 0.3014894 1.09793 1.644466 1.249814 0.6203216 0.8045415 0.4602681 0.1611359 1.034714 1.516362 1.174278 1.275177 1.31509 0.983678 0.7230611 0.6140634 0.9852881 1.130328 1.202946 0.9010853
0.6081025 0.9264058 1.43829 0.9347547 0.8025631 1.210683 1.348173 1.227734 1.039878 0.9292617 0.9252602 0.9486877 0.9546642 0.6167657 0.2197194 0.1694029 0.1994936 0.3115704 0.2835807 0.4607939 0.2599426 0.233821 0.3053796 0.3870175 0.2165803 0.1105621 0.2273812 0.4187981 0.5035818 0.4687432 0.3494142 0.1436542 0.02322801 0.01935916 0.004953138 0 0.003933667 0.01854679 0.02669929 0.02110838 0.03242399 0.06436675 0.3936542 1.170935 1.407039 1.094774 0.8418139 0.3934279 0.2530239 1.056177 1.479021 1.094033 1.272791 1.189364 0.7013028 0.8037841 0.8910474 1.383742 1.366684 1.218798 0.9063712
0.9814367 1.044816 0.7914031 0.5500146 0.7340867 0.7271561 0.8558596 0.8723768 0.676569 0.4358612 0.4148977 0.3952513 0.5341219 0.7113537 0.5888742 0.3639571 0.2194939 0.1224117 0.1881329 0.44543 0.2858699 0.2584109 0.2667353 0.3554505 0.324479 0.1223054 0.1025472 0.3502063 0.4793989 0.4861899 0.4606356 0.2976734 0.08088052 0.01424953 0.002806016 0 0.01126099 0.05053205 0.08558112 0.1315429 0.1796581 0.2457667 0.2965884 0.5050436 0.7468174 0.5780975 0.2698501 0.1010951 0.2436571 1.075747 1.550965 1.259798 1.182359 0.879742 0.3955961 0.4039996 0.7894066 1.11481 0.9012457 0.6956141 0.8178782
0.923169 1.098287 0.6396101 0.1849763 0.1676128 0.3878242 0.4157289 0.1927236 0.1680289 0.09507062 0.2759055 0.4016205 0.5147148 0.6029617 0.5715657 0.3743229 0.1751718 0.1264059 0.216955 0.2884527 0.2769695 0.2646123 0.2947171 0.3684985 0.4355727 0.3471677 0.07627004 0.2760523 0.415096 0.4797904 0.6404684 0.6073123 0.2831424 0.03905481 0 0.001296237 0.03074511 0.1085518 0.1700902 0.2307785 0.2895507 0.335641 0.4302706 0.5695752 0.5722791 0.4184098 0.2714263 0.2122024 0.7050464 1.569126 1.415113 1.019802 1.102362 0.9651108 0.8207545 0.9090889 1.047004 0.8444535 0.7765364 0.9453842 0.7857559
0.4997178 0.9629382 1.353576 1.521881 1.463921 1.505422 1.50811 1.253422 0.8530322 0.6848946 0.5668448 0.3367476 0.3609661 0.5605159 0.4984649 0.2890793 0.2385133 0.246427 0.2130787 0.23086 0.2652913 0.2758752 0.3374523 0.4366517 0.5678374 0.6130292 0.2724729 0.1506332 0.340832 0.4857351 0.7071843 0.9100299 0.6443038 0.1687804 0.002886563 0.009431028 0.06015626 0.1403002 0.1502377 0.0905125 0.0872421 0.1645745 0.3054706 0.445688 0.5729141 0.8625971 1.160424 1.28393 1.697084 2.010769 0.9072885 0.2575107 1.169531 1.223854 0.9672887 0.6889077 0.5751697 0.4657423 0.5586629 0.8952035 0.6024975
0.259598 0.5200462 0.9045923 1.47093 1.842362 1.786955 1.552255 1.437234 1.172496 0.8208494 0.6570187 0.5798863 0.7825601 0.8190429 0.540585 0.2457032 0.06052538 0.1640879 0.2298909 0.2050952 0.2139823 0.259476 0.2942453 0.3596238 0.5584248 0.8028451 0.5963241 0.2076645 0.0186313 0.1696568 0.2854992 0.7637887 0.8234471 0.3095229 0.02008573 0.01032546 0.05740251 0.1395984 0.1990668 0.2290871 0.2807195 0.3817634 0.5778325 0.8353057 1.010615 0.977442 0.6133803 0.3922106 1.036819 1.478885 1.20258 0.8609169 0.8324895 0.8351465 0.4594238 0.1309193 0.498417 0.6691004 0.652382 0.7454078 0.5821008
0.4208061 0.6671476 0.6548573 0.5945564 0.9729498 1.342066 1.532337 1.331685 0.8659712 0.7371181 0.9795612 0.921545 0.8341557 0.5440202 0.2090127 0.2207787 0.294179 0.2835357 0.2234708 0.112079 0.06626878 0.09607214 0.07137262 0.05289669 0.2495073 0.6051818 0.6551524 0.4542015 0.3449903 0.2990554 0.4895246 0.9253322 1.099301 0.7955156 0.5617111 0.2543105 0.06968243 0.1664224 0.2199015 0.187045 0.1843747 0.2615726 0.3820138 0.6195589 1.054771 1.534039 1.833094 1.894492 1.987188 2.040156 1.38517 0.5638953 0.9817573 0.7722241 0.2754284 0.384728 0.4134974 0.5552765 0.3994872 0.5331888 0.478447
0.4409502 0.6833963 0.5294295 1.02413 1.411383 0.6378371 1.112144 1.275097 1.146407 1.091812 1.098886 1.038872 0.6017867 0.1556842 0.2125862 0.123931 0.1960595 0.2799486 0.2646691 0.2028432 0.1980146 0.2289712 0.233867 0.2677857 0.328483 0.3744487 0.3597254 0.3328199 0.4065539 0.4921649 0.7639112 0.9845443 1.158957 0.8672053 0.7890067 0.5696663 0.145741 0.1189966 0.1615569 0.1765102 0.1318052 0.08850081 0.04486357 0.1325806 0.2856673 0.3743001 0.3618785 0.3984208 0.7415826 1.255772 1.465327 1.41376 1.193377 0.4663482 0.1195326 0.1485493 0.5687459 1.454002 1.989035 1.618701 0.9426965
