data/slope.asc
ncols         160
nrows         94
xllcorner     -88.279722219292
yllcorner     41.833093754158
cellsize      0.0012968749506399
NODATA_value  -9999
[rows 27 to 53 of 94, columns 61 to 121 of 160]
1.438366 1.027726 0.526345 0.3882978 1.049842 0.949855 1.644712 1.267888 1.105509 1.605204 1.588352 1.848567 1.997854 0.5008611 1.71503 2.313905 1.562476 1.13145 1.38904 1.23109 0.9570057 1.263518 2.325194 2.950336 2.479989 1.290956 0.9728909 0.6096571 0.1435526 1.431005 2.527111 3.129004 2.378373 1.604511 1.76215 1.832207 1.943015 2.124079 2.296321 1.904371 1.494533 0.8993104 0.5699295 0.802564 0.9317321 1.008823 1.145821 1.143476 0.9064927 0.6339827 0.283709 0.1125271 0.1043044 0.140658 0.338507 0.404796 0.2541049 0.3490627 0.8507262 0.9697422 1.014905
1.186611 1.270512 1.335335 0.4999424 1.775017 0.68474 1.678916 1.956728 1.611566 1.241603 0.9274788 1.949583 2.979189 1.706262 0.9182786 2.221068 1.701955 1.350003 1.604386 1.08898 0.3295117 0.7349656 2.008404 2.346374 1.151711 0.6568291 1.063664 1.448549 2.125025 2.089623 1.801578 2.251368 1.890805 0.8319064 1.185126 1.60468 1.67202 1.424393 1.481888 1.362255 1.172799 0.7618579 0.4112992 0.4765159 0.7055769 0.7929074 0.88608 1.076229 1.126252 0.9511517 0.5058841 0.05637994 0.1460696 0.2271381 0.3000325 0.2049527 0.1115606 0.3798926 0.9240233 1.104457 0.8828369
1.486322 2.063438 2.225782 1.283831 2.040302 2.081243 2.768121 2.211812 0.9831653 0.2276781 0.8312337 1.39028 2.942074 2.781105 0.2207636 2.122001 1.990381 1.876392 2.115289 1.416586 0.4205014 0.8175172 2.289877 2.791592 1.084704 1.113413 1.681472 1.657292 1.504546 1.279302 1.298861 1.555228 1.820223 1.005144 0.3645484 0.6522994 1.226968 1.171025 0.8551189 0.4376171 0.5720341 0.8303065 0.4174162 0.06693666 0.3666321 0.6021 0.6916831 0.7563908 1.00958 1.046611 0.5469438 0.1387546 0.1094665 0.2518163 0.2724721 0.1494554 0.07336019 0.3172034 0.8838417 1.193234 0.9933361
1.274952 2.262212 1.893785 1.143938 1.689674 2.195853 2.081005 1.241316 0.7330558 0.7861062 0.6730582 0.9840024 2.694716 2.895544 0.6777445 1.600571 2.109367 2.152598 2.532693 2.005342 0.7675641 0.2069254 1.55778 2.657081 1.710702 1.175969 1.807217 1.261961 1.030877 0.9435565 1.220626 1.402424 1.257397 0.6136254 1.072523 1.459531 1.528558 0.8748108 0.9028608 1.084537 1.254427 1.304388 0.8435671 0.5293427 0.4298269 0.8710624 1.154348 1.072481 0.9548117 0.7420692 0.6377371 0.6945168 0.3159862 0.274987 0.5034375 0.5031043 0.3301563 0.3314899 1.004011 1.199019 0.8252835
1.30697 1.686331 1.163504 0.5330753 1.175059 1.243855 0.5864353 0.249645 0.3721684 0.7582775 1.446604 1.828747 2.153505 2.063349 1.120737 0.4776011 1.670579 2.298444 2.646983 1.738405 0.952831 1.435468 1.292987 1.676287 1.532882 0.5265906 1.790234 1.117387 0.8567067 1.081494 1.432045 1.345918 0.7502827 0.4204391 0.5964074 0.627584 0.6334128 0.6830246 1.555517 1.870437 1.94587 2.01492 1.789635 1.816645 1.898837 1.904871 1.672369 1.187731 0.4882674 0.3669056 1.057927 1.300462 1.179663 0.5095406 0.5127718 0.6014354 0.5371636 0.5447611 1.015941 1.159571 0.9228032
2.405203 1.920389 1.548045 1.346872 1.080999 0.9045357 0.8234961 0.185969 0.7279971 0.8924453 1.311842 1.576557 1.09006 1.187718 1.318844 0.5152962 1.127146 2.825755 2.879876 1.444079 2.313332 2.918217 2.906816 2.351241 1.402269 0.5836452 1.920513 1.130126 0.6072714 1.035975 1.617426 1.357555 0.7870728 1.357913 0.9591257 0.4299973 0.5672458 1.538866 2.17309 2.098531 1.832407 1.583079 1.474106 1.693053 1.556991 1.287146 1.234942 1.117692 1.024279 0.9047107 0.6721065 0.4488806 1.461787 1.029313 0.1841637 0.4018542 0.4658996 0.5881341 0.7952467 1.06818 1.189928
1.439589 1.562125 1.429897 1.050676 1.027272 1.127561 1.409616 1.261037 1.573039 1.951197 1.943211 1.11394 0.2082508 0.7462358 1.253757 1.204564 0.5610232 2.603686 2.464898 2.53942 3.050957 2.512563 1.957884 0.8845847 0.378803 1.331465 1.520943 0.7730364 0.8581241 1.165985 1.555247 1.305827 1.169253 1.525915 1.479212 1.710049 1.830925 2.346299 2.270487 1.738235 0.9978504 0.6020454 0.5562178 0.6761646 0.7079454 0.8804287 0.9384576 0.6796114 0.7762843 1.271416 1.751474 1.515071 1.232699 1.030405 0.2194123 0.4187753 0.5833006 0.6556908 0.572715 0.4685073 0.6653371
1.81065 0.8004484 0.6692557 0.8290165 1.204625 1.15382 2.287519 3.001571 2.846367 2.602943 2.068556 1.660625 0.9433908 0.5203752 1.136451 1.583646 0.6210407 2.111685 0.9564509 1.956382 1.819842 1.121386 1.41195 1.605134 1.455581 1.601971 1.133844 0.4751731 0.4754615 0.9938716 1.308893 0.96313 0.1607437 0.9598877 1.103165 1.701863 2.381909 2.310576 1.938253 1.253589 0.6039978 0.4759248 0.4646119 0.5390884 0.7927723 0.8656674 0.3673448 0.5221761 0.5358842 0.2164483 0.6048599 1.15076 1.011017 0.3083392 0.5919179 0.9338942 1.081364 1.128585 1.116086 1.103695 0.8969175
3.342489 2.356769 1.420859 1.364588 1.987086 1.362272 1.413724 2.012534 1.968642 1.103753 0.3061078 1.49968 1.148682 0.2230314 1.036453 1.803658 0.6678675 1.97165 0.5999913 1.225889 0.7935387 0.9835278 1.972921 2.61321 1.93905 1.170807 0.6269522 0.3556234 0.2985793 0.527186 1.179261 1.355633 1.166625 1.463517 2.164724 2.198999 2.074904 1.74266 1.332866 0.8037482 0.5154637 0.4969629 0.4592798 0.4307066 0.4655993 0.1293782 0.7477553 0.9281966 0.5584583 0.8031065 0.9982547 0.9790658 1.076322 1.375678 1.574638 1.59488 1.418654 1.418356 1.519609 1.424681 1.327843
1.90346 1.983765 1.350883 1.541619 2.369705 2.114776 1.438165 1.020483 0.3024621 0.7073547 0.9147767 0.9010624 0.5284269 1.218882 1.36354 1.669249 0.550375 2.03468 0.3495905 1.10163 0.7053964 0.1933393 1.154691 2.465768 2.908486 1.933632 0.9116771 0.5504784 0.4912189 0.5526443 1.004457 1.686526 2.239147 2.526116 2.545658 1.963356 1.12522 0.8994777 0.7041202 0.4880962 0.3988348 0.3975912 0.3764178 0.3359549 0.06832412 0.8226037 1.227258 0.9874094 0.8376399 1.16841 1.67656 2.133537 2.318037 2.091189 1.721546 1.34407 0.9941382 1.16035 1.146925 0.7960339 0.7123482
1.347472 1.702184 2.105696 2.576734 3.206635 2.721444 1.816824 1.966097 2.045382 1.119636 0.4529812 1.050263 0.9359863 1.075751 0.9291341 0.9744172 0.2225923 1.745906 1.191244 0.6997567 1.033092 0.4843495 0.1362767 1.594341 2.914095 2.004733 0.6701654 0.4789228 0.5078001 0.5646194 0.7250676 1.07441 1.349092 1.068616 0.8164903 1.065702 0.5988428 0.1798798 0.2651325 0.344404 0.3575163 0.3438091 0.295254 0.1215966 0.7665205 1.573403 1.63709 1.462896 1.532807 1.677035 1.757271 1.874241 1.876616 1.62306 1.311074 1.196356 1.334766 1.368619 0.8504144 0.442013 0.4613358
1.097739 1.508264 2.357611 2.952089 3.874485 3.815576 3.122322 2.791934 2.43898 2.21696 1.37818 0.290689 0.345749 0.5433939 0.2859689 0.4900466 0.4351173 1.241626 1.731165 0.9674743 1.056255 0.588735 0.3808301 1.952703 2.851325 1.632699 0.4728155 0.453917 0.4625989 0.563962 0.688989 0.8553602 0.8749259 0.738892 0.4416099 0.7362141 0.7258287 0.362324 0.3220217 0.3774274 0.4058543 0.3672595 0.1094351 0.5086358 1.404752 1.716799 1.311776 1.116464 1.17179 1.207931 1.213411 1.22861 1.032749 0.7609361 0.7388539 1.205141 1.591879 1.536298 1.143053 0.9218357 0.7195675
0.9337382 0.7492672 0.5856517 1.105786 2.53648 3.128186 2.769496 2.139176 1.612474 2.0853 2.79036 2.85391 2.705622 2.304182 1.311453 0.5563805 0.5689846 0.6727816 1.510438 0.9025883 0.1711787 0.9928199 1.787552 2.219906 1.783244 1.231207 1.061032 0.6578156 0.302025 0.3486688 0.579466 1.074773 1.196575 1.101033 0.9647853 0.7269612 0.5005452 0.3151896 0.3347687 0.5931233 0.5549322 0.08043449 1.008184 1.675021 1.613295 1.10416 0.7481775 0.7343351 0.7050101 0.6881948 0.8411026 0.7695026 0.5473827 0.592779 1.054389 1.258393 0.973596 0.682108 0.7218275 0.9707394 1.073419
0.9671124 1.123901 1.293792 0.6027721 1.0561 2.167278 2.239896 1.797127 1.186551 1.460916 2.324276 3.100723 3.663637 4.155868 3.922151 2.872109 1.956234 0.6431652 0.8151183 0.8325645 0.7707622 1.252129 1.30024 1.132086 1.23284 0.9859008 0.7447256 0.4067266 0.1952795 0.3447775 0.7165221 1.223623 0.715082 0.5337279 0.3310041 0.4824124 0.532714 0.5180302 0.5395619 1.03697 0.7161084 0.8678505 1.729326 1.680295 1.090516 0.527353 0.502099 0.7562943 0.8820118 0.8970378 0.9009414 0.6880769 0.74195 0.8707984 0.9785277 0.4682931 0.0756979 0.01204068 0.1277806 0.3481587 0.7386112
0.4614483 0.5062796 0.6505006 0.9181085 0.5921895 1.738781 2.544683 1.860651 1.132331 1.143569 1.142518 1.273451 1.525669 2.629117 4.114058 4.736019 4.628062 3.009155 0.2222977 0.9609522 1.321727 1.482832 1.426741 1.473649 1.754526 1.073656 0.2497475 0.3404549 0.7935523 0.8733046 1.189953 1.598677 0.9495957 0.4688327 0.8489843 0.9937825 0.9740826 1.065005 1.387458 1.332898 0.4517927 1.271195 1.507903 1.169145 0.3905677 0.1235325 0.3719361 0.7886022 1.206107 1.310344 0.8941007 0.425184 0.4033318 0.3579391 0.1472362 0.8451467 1.035672 0.8747045 0.5811689 0.4603671 0.1604491
0.7942217 0.7128954 0.489648 0.6069933 1.190322 1.761877 2.129982 1.242589 0.679973 0.7074662 0.5951168 0.6766912 0.7809849 1.057729 1.972855 2.780738 4.132169 4.35117 2.054362 0.2113227 1.004867 1.520022 1.60804 1.874019 2.300745 2.424672 2.065269 1.408826 1.008752 0.2068466 1.004437 1.38838 1.488538 0.6751929 1.08642 1.391371 1.444963 1.317692 0.6811121 0.7432463 1.735115 1.447574 0.9174531 0.9279593 0.7729106 0.3431551 0.4204924 0.923853 1.192447 1.002348 0.5720615 0.3085256 0.2070505 0.197925 0.58485 1.065551 1.026821 1.24588 1.289994 1.257474 1.138257
1.463634 1.553441 1.366262 0.7482943 1.068791 1.779247 1.256576 0.5324096 0.1944077 0.1736929 0.5449289 1.083748 1.28036 1.202976 0.952247 1.443793 2.738013 3.206904 3.655143 2.762564 0.9065311 0.5382836 1.172693 1.756697 1.994154 1.958887 1.980675 2.231434 1.827855 0.448709 0.8519143 0.9592702 1.561623 1.381879 1.138739 0.9820578 0.799 0.4103304 1.197673 2.211309 2.050424 1.810597 1.812384 1.657915 1.585062 1.247157 0.9773588 0.9210885 0.8664563 0.7103792 0.6536598 0.6254423 0.6205745 0.3583522 0.6552621 1.079181 0.4907894 0.4758576 0.77135 0.8620873 0.9783858
1.495961 1.246265 1.107002 1.485102 1.66846 1.358482 1.25595 1.140399 0.7957853 0.2742789 1.161725 1.646003 1.548679 1.244113 1.150735 2.043696 1.946567 2.008914 3.091123 3.542143 3.008412 1.867283 0.2436808 1.249792 1.612076 1.918273 2.26933 2.692615 2.951872 1.751103 0.9712165 1.121491 1.680293 1.654146 1.450958 0.347055 0.5876207 0.9222264 1.847204 1.579353 0.719487 0.68365 0.9978007 1.298907 1.326653 0.9147743 0.8544689 1.173761 1.140963 0.7645938 0.2168533 0.4559121 0.8010405 0.8774685 0.4772958 0.8338377 0.7332329 0.4592948 0.1377116 0.2192375 0.3112749
0.8608925 0.7049121 0.7449396 1.22004 1.474126 1.440342 1.141743 1.063003 1.008621 0.5666153 1.667271 1.600688 0.7758665 0.1615968 1.064992 2.086684 1.246253 0.6487628 1.753654 2.312905 2.875356 3.459267 2.504437 0.4375463 0.9459692 1.570487 2.157254 2.687526 3.458169 3.436894 2.540671 2.198994 2.088127 1.864863 1.340607 0.4958924 0.9217653 0.619905 1.405717 1.231397 0.7426703 0.9278863 1.061881 0.8560336 0.6547198 0.6052182 0.5343925 0.7850022 0.4908786 0.1563452 0.3219926 0.7311881 0.6393373 0.9580233 0.8180624 0.3930754 0.3803764 0.5424724 0.2041751 0.2890688 0.2164026
0.3228134 0.4300743 0.6947406 0.9323912 0.8194389 0.7224827 0.9109016 1.384607 0.8434623 0.7055656 1.281172 0.8871672 0.8970379 1.390293 1.690473 2.142168 1.450456 0.883409 0.9613688 1.028834 1.509124 2.446941 2.999927 2.827873 1.685198 0.3421843 0.8633912 1.810477 2.467377 2.659063 2.275984 2.288905 1.834555 1.703267 1.281737 1.424846 1.476608 1.140395 1.320523 1.274902 0.9149936 0.6130669 0.60161 1.166764 1.171652 0.7813857 0.6182817 0.7526749 0.9821484 1.000649 0.7958389 0.8166167 0.4675851 0.4562173 0.6916296 0.7547573 0.672395 0.4671031 0.07973441 0.2802235 0.1397832
0.4682342 0.4766745 0.8056256 1.017989 0.8806432 0.9116884 1.241844 1.424791 0.5501127 0.8331364 1.249312 1.565815 1.877422 2.137902 1.928133 1.817364 1.248734 0.6936212 0.681476 0.6008431 1.090389 1.265768 1.4585 3.099653 3.376593 2.252371 1.186172 0.1217635 1.237227 1.93111 1.424398 1.163709 0.918999 1.277305 0.8666787 1.11026 1.548457 1.745643 1.675636 1.470881 1.268795 0.5796154 0.2811167 0.2930042 0.5316784 0.7060513 0.5645124 0.1413496 0.4453984 0.6594828 0.2306652 0.5540515 0.515344 0.1267817 0.0965121 0.1236416 0.07254183 0.02981627 0.20354 0.1531817 0.0793571
0.2793415 0.6236097 0.9151855 1.045792 0.936843 0.8869011 1.062634 1.053111 0.5289648 0.3459946 0.6073096 1.55074 1.98293 1.609599 0.9432153 1.204309 1.255492 0.8453249 0.6052219 1.04645 1.744503 1.227154 0.9764602 0.3389336 2.288908 2.690899 1.872539 0.9395797 0.3803813 1.593503 1.509381 0.9596366 0.9728974 1.035404 0.3351277 0.2286266 0.5243614 1.514445 1.932115 1.685217 1.407352 1.214587 1.083365 0.687111 0.5551735 0.7695011 1.081922 1.033585 0.7238863 0.828189 0.8311653 0.6651388 0.7171095 0.4302473 0.7720522 0.9970671 0.8877524 0.5435227 0.2567053 0.07996851 0.0553294
0.9131758 0.7816724 0.8370479 0.873067 0.8251644 0.8526253 1.174133 1.057912 0.1644468 0.1315464 0.8806362 1.028233 0.9052245 0.9020485 1.019974 1.445427 1.340609 0.8053207 0.3906066 0.7808446 1.538746 1.027506 0.8273435 0.5296546 1.179289 2.353884 2.029928 1.512707 0.7310858 0.6066754 1.280256 1.20455 0.7633181 0.03114481 0.4098305 0.3077658 0.4646377 1.082537 1.594958 1.8295 1.807055 1.877905 1.761654 1.543225 1.145291 1.140955 1.106002 0.833288 0.6652109 1.104608 0.9327596 0.2573276 0.5784979 0.5785272 1.037732 0.9720681 0.9748163 0.8104902 0.5484821 0.3041779 0.167535
1.128413 0.5776176 0.4701627 0.5909532 0.7821201 0.8623554 1.237493 1.253669 0.5703267 0.2153049 0.9412913 1.20304 0.6185775 0.7176059 1.321691 1.552418 0.763215 0.7936007 0.7486801 0.7962947 1.856 2.573397 2.413651 1.296782 1.23759 1.654534 1.711408 1.91347 1.348534 0.4103507 0.2856873 0.5924981 0.4741437 0.5738683 0.259069 0.1641284 0.4946615 0.8635674 1.001244 0.9340489 0.8636611 0.8037461 1.043525 1.230145 1.008722 0.7553359 0.6983235 0.8057219 0.9908887 0.9455088 0.6788091 0.1919251 0.5617671 0.8332275 0.8649935 0.4111202 0.6126598 0.7328454 0.7519667 0.6285765 0.421034
2.194885 0.9399827 0.1119084 0.6351334 1.123933 1.421265 1.609131 1.219995 1.125032 0.9398769 1.096375 1.265249 0.9491122 1.017245 0.9774167 0.7711205 0.4694997 0.9474171 0.9498717 0.9082922 0.3012531 0.4654767 0.4798232 1.310511 1.910288 1.297811 0.7210805 1.66211 1.848098 1.120659 0.5748934 0.157956 0.6853442 0.7068275 0.5200665 0.4357266 0.6766165 1.005787 1.138244 0.9783118 0.9317604 0.9576942 0.7970075 0.5827061 0.47956 0.8645346 0.9396109 0.8098414 0.8944722 0.6110242 0.5057229 0.5559108 0.341996 0.3502 0.3877488 0.03923386 0.2089112 0.4069075 0.6329804 0.690584 0.5233111
2.41642 1.782479 0.8283525 0.5757659 0.8554053 1.426862 2.094756 1.089911 0.7028465 0.9540039 1.346773 1.556333 1.174972 0.8191707 0.4776461 0.2489003 0.265748 0.5325266 0.8249913 1.262015 1.835143 2.342076 2.297064 2.050788 1.774886 0.9403667 0.4037693 0.5396257 1.536027 1.415607 1.001803 0.2820983 0.5202805 0.5256674 0.5551351 0.4521078 0.9263695 1.513489 1.629054 1.19778 1.123023 1.323062 1.28418 0.8909289 0.7866166 1.414895 1.28662 0.7529858 0.6442529 0.5631498 0.4137939 0.6253765 0.5354401 0.6296352 0.8080186 0.5235548 0.1755602 0.1065295 0.3606961 0.486243 0.2998616
1.593186 2.140258 1.306525 0.5611632 0.4042373 1.241945 2.27926 1.722103 1.209054 1.149385 1.331504 1.475864 0.9738434 0.4999138 0.2911394 0.3323973 0.3819003 0.1170605 0.5364125 1.358251 2.033267 2.318585 2.343548 2.234911 1.566113 0.9804198 0.8872598 0.8513783 0.8055698 1.126177 1.024237 0.5751245 0.3287625 0.4236682 0.4229915 0.8844827 1.457491 2.091612 1.856738 1.004507 0.7122831 0.9843432 0.9735237 1.122393 0.9823391 1.540535 1.321608 0.9289452 0.6190398 0.4593482 0.3175123 0.5646298 0.1925124 0.6057287 0.8499522 0.7643946 0.3640772 0.07953031 0.2019603 0.3847092 0.4304765
