data/slope.asc
ncols         160
nrows         94
xllcorner     -88.279722219292
yllcorner     41.833093754158
cellsize      0.0012968749506399
NODATA_value  -9999
[rows 0 to 26 of 94, columns 61 to 121 of 160]
0.2372687 1.114572 1.155097 0.741352 0.9153907 1.025827 1.21574 1.074486 0.1317073 0.5609234 1.529606 1.870427 1.484754 1.046788 0.4441788 0.5559004 0.8814979 1.376107 0.8721324 0.1774809 1.138132 1.309378 1.160405 0.8363174 0.7360559 0.721622 0.3402159 0.1136173 0.5915365 0.6634825 0.2583564 0.2877832 0.5585749 0.981705 0.6926374 1.197599 0.9877266 0.7848527 0.6399114 0.4274122 0.9003004 1.350766 2.415266 4.942004 5.352836 5.582694 7.776704 5.114071 1.698021 1.541088 1.495042 2.131016 0.9271361 1.168827 0.3869402 0.4912701 0.8123795 0.5210417 0.1296361 0.2016586 0.2947517
0.9411258 1.366751 1.556785 1.419425 1.078233 1.192204 1.826367 2.04439 1.473654 2.048769 2.989167 2.609141 1.816401 1.062707 0.2192371 0.6751505 1.021111 1.36106 0.8146294 0.82405 1.793895 2.156538 1.807212 1.25179 1.071671 0.8746766 0.3404161 0.1148071 0.5335644 0.7278539 0.4837083 0.5004543 0.9617372 1.322054 1.470237 1.663908 1.563982 1.322833 1.124072 1.181311 1.615988 2.030181 3.050501 4.417839 5.322141 6.122389 6.247723 4.486033 2.007936 1.401742 1.577396 1.416776 0.21391 1.239478 0.6216279 0.3060802 0.7384351 0.52782 0.2040289 0.3755116 0.6460562
1.065011 1.180309 1.28398 1.908514 2.207731 2.244842 2.746133 2.774573 2.381006 2.829218 2.790018 1.918486 1.492206 0.9739951 0.6351335 0.8031727 1.145238 1.217878 1.199836 1.574367 1.645907 1.640048 0.726725 0.3153929 0.7022021 0.381127 0.09108875 0.1945034 0.4708584 0.7341555 0.7851533 0.7555351 1.121455 1.310445 0.9223909 0.845782 1.028542 1.153417 1.19452 1.226932 1.224241 1.313796 1.431865 1.083848 0.5666817 0.3990002 0.2345895 0.2367988 0.328196 0.6425696 0.7648395 0.5511186 0.330227 1.150172 1.396494 1.17452 1.031384 0.5589322 0.1470403 0.4012 0.619014
1.812792 1.867343 1.956383 2.383916 2.91205 3.024053 2.934602 2.575502 2.086498 1.893041 1.443026 0.9232421 0.7303584 0.629396 0.5618197 0.6103233 1.389977 1.635676 1.425009 1.434777 1.133762 1.008427 1.487675 1.567676 1.472831 0.8264154 0.3347944 0.1282498 0.2011522 0.4977315 0.7731447 0.9190793 1.249637 1.215841 0.4829056 0.2646067 0.5446127 0.8219177 0.8976232 0.6998128 0.539293 0.5576025 0.9215399 1.052122 0.6262391 0.1652711 0.1214223 0.2202141 0.2508716 0.617944 0.872008 0.5754254 0.4733894 0.7173109 1.10747 0.6734698 0.620595 0.6854162 0.8308569 0.9345872 1.188256
2.799196 2.371658 2.074507 1.670961 1.372507 1.325456 1.553243 1.777097 1.33575 0.7682856 0.3314917 0.2413729 0.1169579 0.2298699 0.436386 1.032928 1.717145 1.800732 1.275446 1.111194 0.9339288 0.7657572 0.9228297 1.146428 1.512291 1.121429 0.4878853 0.07929742 0.1213421 0.357466 0.6059667 1.030861 1.58762 1.307376 0.8224901 0.606333 0.4176196 0.2608126 0.318504 0.8450037 1.095989 0.7353755 0.3849918 0.5611314 0.7130712 0.2850187 0.05585718 0.1651409 0.7202895 1.361622 1.488107 1.092911 0.917047 0.6458071 0.9748996 0.6767434 0.4709989 0.8429446 1.253402 1.856101 2.092241
1.991448 1.620716 1.199567 0.4731465 0.3639879 0.7602122 1.363191 1.661262 0.7874454 0.1281561 0.3770634 0.5397888 0.5411062 0.2200463 0.8820211 2.129997 2.394926 2.016142 1.193817 0.7369149 0.7797448 0.362818 0.5107465 0.90854 1.04639 0.8974013 0.7556214 0.5956875 0.6757995 0.8923331 1.078617 1.622326 1.929625 1.514036 1.321815 1.26522 1.20698 1.066511 0.8507623 1.235806 1.376758 0.7101716 0.5793878 0.4503474 0.4603906 0.7367872 0.8241551 0.9662868 1.226981 1.469658 1.428597 1.193591 1.031087 0.7270413 1.044647 1.167276 1.118185 1.477779 1.449247 1.664002 1.643188
0.3971446 0.4809437 0.1396534 0.2004322 0.4962639 0.3821513 1.812622 1.887051 0.5651057 0.2994945 0.4555486 0.4837343 0.6067368 0.4356665 1.135889 2.618116 2.064203 1.429113 1.007499 0.9918919 1.259879 1.013106 0.9910768 1.064872 0.7138904 0.2863298 0.9709342 1.35726 1.511836 1.492127 1.578033 1.586854 1.086725 0.4145256 0.358187 0.4687089 0.589626 0.6430985 0.7757559 1.148748 1.354186 1.33221 0.7192882 0.4671535 0.3603958 0.4366201 0.2859745 0.6841573 0.8508393 1.197315 1.228612 0.7197994 0.7400626 0.8519527 1.179627 1.413334 1.376579 1.331496 1.019149 0.6469564 0.7243287
0.610591 0.4512214 0.08681225 0.1246583 0.4292543 0.4278189 1.560355 1.86381 0.9712871 0.5266391 0.233488 0.2901533 0.450005 0.5601038 0.883071 2.460461 2.460823 1.685315 0.6405261 0.534187 0.4489249 0.4599948 0.3738307 0.6102818 0.1231478 0.6125048 0.8210346 1.244749 1.424303 1.26838 0.9161854 0.2947701 0.5588883 0.8558558 1.287452 1.495915 1.372082 1.353297 1.193029 0.8762892 0.870118 0.9676066 0.8915612 0.6010193 0.2091395 0.666017 0.4846661 0.7837634 0.7306126 1.122237 1.163385 0.5939856 0.5201431 0.7037401 0.8592647 1.042044 0.7359531 0.5417567 0.5899922 0.3546203 0.3535812
0.733706 0.315079 0.1836447 0.4589866 0.5954215 0.5926131 1.255175 2.168277 2.202881 1.481616 0.7985025 0.5406906 0.426036 0.6086355 0.5732427 1.830052 2.864174 3.223843 1.905434 0.6838914 0.4669892 0.675665 0.9150438 1.057397 0.7120191 0.6109145 0.5685104 0.6598106 0.333485 0.0540716 0.3092876 0.584401 0.6340633 0.8158195 1.361073 1.357364 1.447045 1.451589 1.158095 0.9546316 0.9260153 0.8134203 0.6367153 0.5657529 0.475335 0.3943952 0.426482 0.7755357 0.8261907 0.9811681 1.089006 0.9855004 0.7198183 0.3537925 0.1848192 0.4032563 0.4628607 0.1399515 0.5328969 0.4562127 0.3140444
0.2320396 0.03454955 0.4852993 0.900212 0.9597309 0.8016711 0.6101801 0.9997587 1.57173 1.504009 1.285039 1.123661 0.9725293 0.9361476 0.6871649 1.250214 2.252959 3.659562 3.469288 1.619111 0.3941893 0.3481504 0.5219492 0.812674 0.523297 0.3380685 0.393517 0.4433905 0.5653451 0.76004 0.7790996 0.5927671 0.4983228 0.580551 0.8230232 0.5252295 0.3365247 0.3525298 0.2198541 0.313687 0.4875482 0.6188058 0.565354 0.4086449 0.3910828 0.5984026 0.8714209 1.197055 1.283767 1.410586 1.564936 1.357014 0.9889722 0.4711218 0.02332077 0.1701333 0.4673308 0.2107823 0.5071449 0.7742964 0.7611459
0.02211846 0.05186522 0.6732519 1.01874 0.2519535 0.6634303 0.2572472 0.1562693 0.7460659 0.9546563 1.053234 1.247853 1.500156 1.161679 0.3967159 0.4861305 0.7412336 2.230846 3.779399 2.361092 0.4205934 0.3935001 0.3742839 0.7054674 0.3431417 0.1700468 0.2623661 0.1228943 0.455805 0.6037092 0.5430545 0.5301511 0.5432781 0.4121346 0.3916698 0.5179577 0.551697 0.6678206 0.6782076 0.6212149 0.5578496 0.6740071 0.8036 0.4973741 0.4447724 1.062909 1.345242 1.573458 1.40072 1.543689 2.10072 2.228078 1.328516 0.5116959 0.1386164 0.06054289 0.3657704 0.6581541 0.5010453 0.4444989 0.5878629
0.1394383 0.1434597 0.5269073 1.00681 0.830006 0.9686281 0.2972978 0.1460341 0.541647 0.7863743 1.002612 1.597671 1.901228 1.250078 0.3178747 0.2428598 0.2025841 1.339533 3.716015 2.616294 0.136203 0.2317445 0.3598528 0.9230607 0.6529749 0.4210801 0.4484327 0.4167809 0.473786 0.3289952 0.01236315 0.4580811 0.8408029 0.8465034 0.5546328 0.3144795 0.2853396 0.2218422 0.2855605 0.2461991 0.5457613 0.7563239 1.027309 0.9322106 1.018656 1.362001 1.149034 0.8463261 0.6921257 0.389252 1.479636 2.125145 1.356985 1.079193 0.9629144 0.5492449 0.2670316 0.7908298 1.435111 1.544635 1.202229
0.4823476 0.4364468 0.1178786 0.5965524 0.7057461 0.4224063 0.475929 0.4826167 0.5086799 0.7484275 0.6741427 1.515096 2.124165 1.229725 0.6033087 0.2375981 0.5503737 1.831963 3.511716 2.100732 0.5313195 0.7802009 0.8813078 1.160223 0.9066111 0.6359555 0.3294792 0.5207159 0.5791794 0.2223735 0.5641509 1.163213 1.203433 1.187569 0.934702 0.1775747 0.3169007 0.7631095 0.5037894 0.420409 0.4276915 0.5084668 0.7068443 0.8407059 1.069838 1.659815 2.097204 1.800712 1.351922 1.100351 1.284174 1.148381 1.567281 2.224576 2.065668 1.555518 0.8537103 0.675085 0.6938077 0.7405477 0.8830661
2.325172 2.05988 1.824346 1.259667 0.9322194 1.098039 1.30947 1.162971 1.010122 1.434687 1.339858 1.771377 1.775349 0.7250408 0.6715466 0.5476667 1.907742 3.184335 2.956678 0.8850645 0.8172652 1.236802 1.20208 1.579238 1.328681 0.6816151 0.3734191 0.5866433 0.3283155 0.3208998 0.8144755 1.064863 0.3383599 1.102478 1.133137 0.351711 0.5113661 0.4762562 1.000071 1.141286 0.5499962 0.4236646 0.25206 0.7841345 0.9323002 0.8027332 0.7832974 0.7584537 0.5677958 0.1037443 0.5989185 0.9966965 0.840221 0.5811523 1.206224 1.323296 0.9731318 1.125264 1.391657 0.8810652 0.3519852
3.834083 3.741587 3.602658 3.184459 2.447008 1.928627 1.577621 1.265913 1.504163 2.33742 1.881033 1.515795 1.214634 0.6807581 0.7264767 0.913407 2.868549 2.911369 1.685103 0.5674057 1.166226 1.044475 0.6709104 1.13975 1.260305 0.9984745 0.8116283 0.7215197 0.7264884 0.4641974 0.5956767 0.785966 0.4027841 0.6345676 1.061207 0.9325669 0.7006969 1.17456 1.820444 1.419233 1.264723 0.8134019 0.7927525 0.7246775 0.6238564 0.6167231 0.5000996 0.2197133 0.2819189 0.3699799 0.226423 0.3257176 0.7243094 1.29369 1.402624 1.27114 0.9557144 0.7092239 0.5468113 0.9973717 0.7070541
2.450905 2.757007 2.846063 2.893647 2.280286 1.511883 0.9711667 0.7440791 1.319028 2.670757 3.009588 1.871405 0.9312751 0.728335 0.4532145 1.69538 2.554969 2.244178 1.906268 1.64267 1.541626 0.620641 0.5117902 0.6596944 0.7446233 0.8082895 0.6661764 0.7020179 0.6526264 0.4985341 0.360082 0.6098391 0.9407187 0.8829595 0.3083946 0.7847002 1.05173 1.534207 1.237383 0.7467012 1.09908 0.7130801 0.9464035 0.7298992 0.5966707 0.5844216 0.7210999 0.3355778 0.2001587 0.3722989 0.6692698 0.5118015 1.377165 1.365233 1.053338 1.25708 1.407426 1.419079 1.125033 0.659192 1.209881
0.6969084 0.8411302 1.386656 1.627215 1.333006 0.9926412 0.6199219 0.2308961 0.7646864 1.597775 3.015807 2.694283 1.272949 0.8669366 0.1129653 1.572355 1.848359 1.956223 1.850397 1.24883 0.4545047 0.628539 0.9316452 1.057513 1.191223 0.9323388 0.5784193 0.8176757 1.376927 0.9602923 0.5898827 0.4401157 1.246742 1.668095 1.639799 0.5568359 0.8897178 1.061771 0.5589725 0.9687196 0.8758715 0.8331382 0.7914606 1.053004 0.7905448 0.6449397 0.9374188 0.7454084 0.5530238 0.6013204 0.8202382 0.4593616 1.403432 1.745166 1.489527 1.539682 1.50291 0.9482569 1.321972 1.484514 1.649793
1.338762 0.9358963 1.404774 1.565817 0.5428191 1.331237 1.572606 0.9648876 0.7987338 1.532807 2.696988 2.66963 1.692645 0.8367276 0.3215949 1.230235 1.386534 1.606058 1.078595 0.5308415 0.9349414 1.252773 1.081829 1.182819 1.312235 1.152298 1.00487 0.5856019 0.7501122 0.5223913 0.4193572 0.7357009 1.3173 1.027368 1.56379 1.844541 0.8493034 0.6265121 0.5509756 1.177455 1.368789 1.006182 0.5840809 0.9368191 0.7589381 0.6071619 0.8407349 0.9046233 0.816888 0.8110006 0.7507617 0.9844574 1.767788 2.035165 1.607488 1.432475 1.325749 0.7771903 0.8878801 1.289981 0.9883754
1.419481 1.586571 1.220548 0.8615681 0.6270686 0.6092958 1.751299 1.483067 0.8968127 1.849042 2.311217 2.353665 2.158958 0.6861945 0.5418308 1.314779 1.788734 1.798151 1.086978 0.9336906 1.035979 0.8706791 0.4833646 0.693819 1.173507 0.6755556 0.5071737 0.9643341 1.864636 2.010325 1.080134 0.9781522 0.984797 0.9304632 1.028014 1.661779 1.218809 0.8706799 0.7160882 0.3943752 1.042368 0.8940716 0.7291032 0.7946247 0.7290913 0.6957703 0.8056452 0.8473963 0.8727252 0.7625405 0.2121578 0.5924308 1.27667 1.471688 1.197068 1.057257 1.0578 0.8231881 0.6560323 0.4538386 0.2311734
0.613369 0.7169626 0.4454919 0.2488776 0.5907681 1.609952 1.791485 1.29197 0.9923902 1.739273 2.031406 2.583742 2.465168 0.4886211 0.6440349 1.304744 2.052063 1.833697 0.9381343 0.6811035 0.7512733 0.369056 0.1537349 0.4623323 1.173841 1.187709 1.266123 1.830857 1.08306 1.206294 1.453539 0.9999844 0.5707676 1.022573 1.353216 1.277261 0.9862562 0.522422 0.8653856 0.5559222 0.2397216 0.643676 0.7779332 0.5173938 0.429993 0.5962728 0.858468 1.197921 1.453598 0.9718872 0.5673456 0.6866304 0.8577175 1.203666 1.349732 1.27663 1.191039 1.021866 0.4101424 0.4753443 0.802851
0.567605 0.6739603 1.000608 1.071159 1.249945 1.326864 1.283849 1.742067 2.18487 2.390762 2.168242 2.653074 2.366541 0.2666937 0.6487155 1.187903 2.244348 2.001079 0.9835502 0.8341738 0.7443952 0.5698199 0.4365121 0.3384985 0.4490533 0.9644281 1.544147 1.661328 0.6644748 1.405048 1.675844 1.112884 0.09217817 0.9202043 0.994331 1.295468 1.595602 1.466959 1.286318 0.380234 0.689469 1.063048 1.018388 0.3576657 0.1249488 0.3021047 0.400165 0.8742578 1.642669 1.392697 1.052948 0.9910956 0.6984174 0.8885549 1.477153 1.718603 1.569261 1.038466 0.2642904 0.884406 0.8175837
1.027954 1.155118 1.234933 1.020183 0.297359 0.9920834 1.006787 1.535609 1.738543 1.444561 1.285412 2.070471 2.052917 0.2397241 0.6110163 1.098187 2.085516 2.398715 1.629737 1.052591 0.4028138 0.3102034 0.492549 0.5224953 0.4238468 0.4385741 0.7981889 0.9603031 0.3455127 1.397045 2.372522 1.83455 1.241327 1.940241 1.666649 1.579823 1.395916 0.9502159 0.7205778 0.6825366 0.8935958 0.7616136 0.6543357 0.4305898 0.2462707 0.08917933 0.2053485 0.361902 1.204593 1.387478 1.225772 1.307861 1.281477 1.121621 1.619744 1.934491 1.571312 0.6029927 0.6481953 0.9498821 0.5404413
0.6112995 0.6386545 0.5211937 0.7964488 0.5784479 0.7407034 1.503281 1.697285 1.592374 1.287718 1.370984 1.839751 2.151611 0.9134794 0.569745 1.071569 1.400213 2.056758 1.878357 1.006959 0.6044077 0.2338543 0.3095995 0.3191516 0.7022053 1.269758 1.894178 2.359829 2.161983 0.7379183 2.169366 3.218218 3.19904 2.479048 1.416948 0.7325302 0.3847832 0.2966985 0.3066108 0.2958265 0.7999337 1.579601 1.810148 1.572347 1.125575 0.7638093 0.6820057 0.7515062 1.067701 1.206844 0.9387071 1.073143 1.397993 1.703402 1.870783 1.822679 1.345966 0.3999316 0.579731 1.049797 1.200559
0.1079153 0.1231219 0.06018849 0.5124327 1.271905 1.030003 1.448262 1.940624 1.405736 0.811223 1.03685 1.456714 2.203456 1.453848 1.222863 2.074528 2.23522 2.663351 2.650721 2.073524 1.999674 1.764254 1.399523 0.815973 0.7437728 0.875482 1.201493 1.693354 2.434485 2.406494 0.9479479 2.149292 1.766994 0.7011669 0.8752977 0.8760468 0.8849005 0.6897828 0.4941189 0.6993359 0.9515752 0.7484943 0.1702404 0.5668124 1.307604 1.890594 1.877721 1.370991 1.135632 1.079269 0.7069281 0.9585676 1.498378 1.861409 1.906073 1.536232 0.9793795 0.1995253 0.3547366 0.6698492 0.8756061
0.108253 0.09657292 0.03071331 0.2219865 0.3459498 1.178232 2.194831 2.327975 1.622677 1.246423 1.112016 1.054538 2.078982 1.174824 1.801673 2.469689 1.887074 2.135523 2.339404 1.827732 1.636304 1.395533 1.428423 0.8545345 0.7465219 1.460451 1.425635 0.9011874 2.546479 2.637732 0.9814525 0.9600603 1.802051 2.008354 1.743284 1.26137 1.074923 0.9606626 0.2076597 0.419194 0.5480201 1.109436 1.265387 0.955247 0.8039495 1.126694 1.441009 1.37469 1.277058 1.437369 1.65085 1.84398 1.925577 1.452834 1.131955 0.8255349 0.3364149 0.3063684 0.6942033 0.689239 0.6490317
0.1874343 0.2291887 0.2191406 0.08106672 0.412309 0.999467 1.457087 1.00292 1.080457 1.015005 0.8446274 1.159811 1.953311 0.6913082 2.198077 2.247974 0.9765595 1.42248 1.996925 1.620047 1.036524 0.6217699 1.371779 1.679269 1.551181 2.017441 2.533595 1.817474 2.745321 2.067865 0.2762183 2.129198 2.668423 2.208303 1.570258 0.9090828 0.9462131 1.021786 0.5263693 0.5811091 1.130568 0.6710044 0.3892267 0.7706771 1.23984 1.161895 0.1084861 0.6902627 1.162121 1.630199 2.001834 1.876226 1.378338 0.8247852 0.5213745 0.2035781 0.2610687 0.4692557 0.4762627 0.3934746 0.5992014
0.4316351 0.3063935 0.4010364 0.5102189 0.2294065 1.122031 2.110654 1.900919 1.831445 1.850819 1.743712 1.511671 1.695932 0.4195977 2.115035 2.271886 1.250607 1.257195 1.825432 1.91837 1.567354 1.256033 1.694107 2.142884 2.106736 1.849289 2.463224 2.764935 2.458045 0.6817608 1.748218 3.185617 3.086342 2.233179 1.693948 1.32282 1.333499 1.384826 1.330507 0.7116451 0.6631157 0.6723284 0.2802975 0.6880194 0.9065196 1.076664 0.9538492 0.4945924 0.2474555 0.6573977 0.7935405 0.7064108 0.4731477 0.3534667 0.07918593 0.3891167 0.3862447 0.3682644 0.6154421 0.8189605 1.077044
