data/streamdistance.asc
ncols         160
nrows         94
xllcorner     -88.279722219292
yllcorner     41.833093754158
cellsize      0.0012968749506399
NODATA_value  -9999
[rows 50 to 74 of 94, columns 57 to 113 of 160]
0.02050539 0.02013291 0.01983837 0.01962528 0.0194963 0.01927943 0.01888278 0.01856842 0.01834058 0.01820251 0.01815625 0.01763941 0.0166081 0.01561644 0.01467246 0.01378597 0.01283841 0.0119566 0.01100435 0.01012892 0.009170291 0.008304051 0.007562016 0.006983886 0.006484375 0.005799801 0.005347152 0.004675949 0.004101078 0.003668116 0.002899901 0.00259375 0.001834058 0.001296875 0 0.001296875 0.001296875 0 0 0 0 0.001296875 0 0.001296875 0.00259375 0.003890625 0.003890625 0.003890625 0.003890625 0.003890625 0.003890625 0.003668116 0.002899901 0.00259375 0.00259375 0.002899901 0.003668116
0.02173959 0.02138861 0.02111159 0.02091148 0.02079049 0.02050539 0.02013291 0.01983837 0.01962528 0.0194963 0.01945313 0.01843206 0.01744767 0.01650652 0.01561644 0.01467246 0.01378597 0.01283841 0.0119566 0.01100435 0.01012892 0.009351898 0.008699702 0.008202157 0.007562016 0.006983886 0.006484375 0.005799801 0.005347152 0.004675949 0.004101078 0.003668116 0.00259375 0.001296875 0 0 0 0 0.001296875 0.001296875 0 0 0 0.001296875 0.00259375 0.003890625 0.0051875 0.0051875 0.0051875 0.0051875 0.0051875 0.004675949 0.004101078 0.003890625 0.003890625 0.004101078 0.004675949
0.02111159 0.02173959 0.02216101 0.02219892 0.02208498 0.02173959 0.02138861 0.02111159 0.02091148 0.0202993 0.01975341 0.01914813 0.01834058 0.01744767 0.01650652 0.01561644 0.01467246 0.01378597 0.01283841 0.0119566 0.01115614 0.01045574 0.009876706 0.009351898 0.008699702 0.008202157 0.007562016 0.006983886 0.006484375 0.005799801 0.005347152 0.004101078 0.002899901 0.001834058 0.001296875 0 0 0.001296875 0.001834058 0.001834058 0.001296875 0.001296875 0.001296875 0.001834058 0.002899901 0.004101078 0.005347152 0.006484375 0.006484375 0.006484375 0.006484375 0.005799801 0.005347152 0.0051875 0.0051875 0.005347152 0.005799801
0.02013291 0.02050539 0.02095166 0.0214671 0.02204687 0.0215843 0.02091148 0.0202993 0.01975341 0.01914813 0.01856842 0.01801676 0.0173994 0.01685937 0.0162498 0.0156702 0.01517953 0.01467246 0.01378597 0.01296875 0.01223469 0.0115996 0.0110805 0.01045574 0.009876706 0.009351898 0.008699702 0.008202157 0.007562016 0.006983886 0.005799801 0.004675949 0.003668116 0.002899901 0.001834058 0.001296875 0 0.001296875 0.00259375 0.002899901 0.00259375 0.00259375 0.00259375 0.002899901 0.003668116 0.004675949 0.005799801 0.006983886 0.007781249 0.007781249 0.007562016 0.006983886 0.006612791 0.006484375 0.006484375 0.006612791 0.006983886
0.01888278 0.01927943 0.01975341 0.0202993 0.02091148 0.02050539 0.01979594 0.01914813 0.01856842 0.01801676 0.0173994 0.01685937 0.0162498 0.0156702 0.01512403 0.0144995 0.01396777 0.01353977 0.01322558 0.01303343 0.01296875 0.01277274 0.01223469 0.0115996 0.0110805 0.01045574 0.009876706 0.009351898 0.008699702 0.007562016 0.006484375 0.005502175 0.004675949 0.003668116 0.00259375 0.001296875 0 0.001296875 0.00259375 0.003668116 0.003890625 0.003890625 0.003890625 0.004101078 0.004675949 0.005502175 0.006484375 0.007562016 0.008699702 0.009078125 0.008699702 0.008202157 0.007888583 0.007781249 0.007781249 0.007888583 0.008202157
0.01763941 0.01806338 0.01856842 0.01914813 0.01979594 0.01945313 0.0187038 0.01801676 0.0173994 0.01685937 0.0162498 0.0156702 0.01512403 0.0144995 0.01396777 0.01335214 0.01277274 0.01230324 0.0119566 0.0117437 0.01167187 0.01167187 0.0117437 0.0119566 0.01223469 0.0115996 0.0110805 0.01045574 0.009351898 0.008304051 0.007336232 0.006484375 0.0051875 0.003890625 0.00259375 0.001296875 0 0.001296875 0.001834058 0.002899901 0.004101078 0.0051875 0.0051875 0.005347152 0.005799801 0.006484375 0.007336232 0.008304051 0.009351898 0.010375 0.009876706 0.009441392 0.009170291 0.009078125 0.009078125 0.009170291 0.009441392
0.01640431 0.01685937 0.0173994 0.01801676 0.0187038 0.01843206 0.01763941 0.01690918 0.0162498 0.0156702 0.01512403 0.0144995 0.01396777 0.01335214 0.01277274 0.01223469 0.0115996 0.0110805 0.0106943 0.01045574 0.010375 0.010375 0.01045574 0.0106943 0.0110805 0.0115996 0.01223469 0.01115614 0.01012892 0.009078125 0.007781249 0.006484375 0.0051875 0.003890625 0.00259375 0.001296875 0 0 0.001296875 0.00259375 0.003890625 0.0051875 0.006484375 0.006612791 0.006983886 0.007562016 0.008304051 0.009170291 0.01012892 0.01115614 0.0110805 0.0106943 0.01045574 0.010375 0.010375 0.01045574 0.0106943
0.01517953 0.0156702 0.0162498 0.01690918 0.01763941 0.01744767 0.0166081 0.01583038 0.01512403 0.0144995 0.01396777 0.01335214 0.01277274 0.01223469 0.0115996 0.0110805 0.01045574 0.009876706 0.009441392 0.009170291 0.009078125 0.009078125 0.009170291 0.009441392 0.009876706 0.01045574 0.01115614 0.01167187 0.010375 0.009078125 0.007781249 0.006484375 0.0051875 0.003890625 0.00259375 0.001296875 0 0 0.001296875 0.00259375 0.003890625 0.0051875 0.006484375 0.007781249 0.008202157 0.008699702 0.009351898 0.01012892 0.01100435 0.0119566 0.01230324 0.0119566 0.0117437 0.01167187 0.01167187 0.0117437 0.0119566
0.01396777 0.0144995 0.01512403 0.01583038 0.0166081 0.01650652 0.01561644 0.01478665 0.01402785 0.01335214 0.01277274 0.01223469 0.0115996 0.0110805 0.01045574 0.009876706 0.009351898 0.008699702 0.008202157 0.007888583 0.007781249 0.007781249 0.007888583 0.008202157 0.008699702 0.009351898 0.01012892 0.01100435 0.010375 0.009078125 0.007781249 0.006484375 0.0051875 0.003890625 0.00259375 0.001296875 0 0.001296875 0.001834058 0.002899901 0.004101078 0.005347152 0.006612791 0.007888583 0.009170291 0.009876706 0.01045574 0.01115614 0.0119566 0.01283841 0.01353977 0.01322558 0.01303343 0.01296875 0.01296875 0.01303343 0.01322558
0.01277274 0.01335214 0.01402785 0.01478665 0.01561644 0.01561644 0.01467246 0.01378597 0.01296875 0.01223469 0.0115996 0.0110805 0.01045574 0.009876706 0.009351898 0.008699702 0.008202157 0.007562016 0.006983886 0.006612791 0.006484375 0.006484375 0.006612791 0.006983886 0.007562016 0.008304051 0.009170291 0.01012892 0.009876706 0.008699702 0.007562016 0.006484375 0.0051875 0.003890625 0.00259375 0.001296875 0 0.001296875 0.001834058 0.002899901 0.004101078 0.005347152 0.006612791 0.007888583 0.009170291 0.01045574 0.0106943 0.0110805 0.0115996 0.01223469 0.01296875 0.01378597 0.01432445 0.01426562 0.01426562 0.01432445 0.01353977
0.0115996 0.01223469 0.01296875 0.01378597 0.01467246 0.01467246 0.01378597 0.01283841 0.0119566 0.01115614 0.01045574 0.009876706 0.009351898 0.008699702 0.008202157 0.007562016 0.006983886 0.006484375 0.005799801 0.005347152 0.0051875 0.0051875 0.005347152 0.005799801 0.006484375 0.007336232 0.008304051 0.009351898 0.009351898 0.008202157 0.006983886 0.005799801 0.004675949 0.003668116 0.00259375 0.001296875 0 0 0.001296875 0.00259375 0.003890625 0.0051875 0.006484375 0.007781249 0.009078125 0.009170291 0.009441392 0.009876706 0.01045574 0.01115614 0.0119566 0.01283841 0.01378597 0.01467246 0.0155625 0.0144995 0.01322558
0.01045574 0.01115614 0.0119566 0.01283841 0.01378597 0.01378597 0.01283841 0.0119566 0.01100435 0.01012892 0.009351898 0.008699702 0.008202157 0.007562016 0.006983886 0.006484375 0.005799801 0.005347152 0.004675949 0.004101078 0.003890625 0.003890625 0.004101078 0.004675949 0.005502175 0.006484375 0.007562016 0.008699702 0.008699702 0.007562016 0.006484375 0.005347152 0.004101078 0.002899901 0.001834058 0.001296875 0.001296875 0 0.001296875 0.00259375 0.003890625 0.0051875 0.006484375 0.007781249 0.007781249 0.007888583 0.008202157 0.008699702 0.009351898 0.01012892 0.01100435 0.0119566 0.01283841 0.01378597 0.01478665 0.01432445 0.01303343
0.009351898 0.01012892 0.01100435 0.0119566 0.01283841 0.01283841 0.0119566 0.01100435 0.01012892 0.009170291 0.008304051 0.007562016 0.006983886 0.006484375 0.005799801 0.005347152 0.004675949 0.004101078 0.003668116 0.002899901 0.00259375 0.00259375 0.002899901 0.003668116 0.004675949 0.005799801 0.006983886 0.007781249 0.007781249 0.006983886 0.005799801 0.004675949 0.003668116 0.00259375 0.001296875 0 0 0 0.001296875 0.00259375 0.003890625 0.0051875 0.006484375 0.006484375 0.006484375 0.006612791 0.006983886 0.007562016 0.008304051 0.009170291 0.01012892 0.01100435 0.0119566 0.01296875 0.01402785 0.01396777 0.01296875
0.008304051 0.009170291 0.01012892 0.01100435 0.0119566 0.0119566 0.01100435 0.01012892 0.009170291 0.008304051 0.007336232 0.006484375 0.005799801 0.005347152 0.004675949 0.004101078 0.003668116 0.002899901 0.00259375 0.001834058 0.001296875 0.001296875 0.001834058 0.002899901 0.004101078 0.005347152 0.006484375 0.006484375 0.006484375 0.006484375 0.005347152 0.004101078 0.002899901 0.001834058 0.001296875 0 0.001296875 0.001296875 0.001834058 0.002899901 0.004101078 0.0051875 0.0051875 0.0051875 0.0051875 0.005347152 0.005799801 0.006484375 0.007336232 0.008304051 0.009170291 0.01012892 0.01115614 0.01223469 0.01303343 0.01277274 0.01230324
0.007336232 0.008304051 0.009170291 0.01012892 0.01115614 0.01115614 0.01012892 0.009170291 0.008304051 0.007336232 0.006484375 0.005502175 0.004675949 0.004101078 0.003668116 0.002899901 0.00259375 0.001834058 0.001296875 0.001296875 0 0 0.001296875 0.00259375 0.003890625 0.0051875 0.0051875 0.0051875 0.0051875 0.0051875 0.004675949 0.003668116 0.00259375 0.001296875 0 0 0.001296875 0.00259375 0.002899901 0.003668116 0.003890625 0.003890625 0.003890625 0.003890625 0.003890625 0.004101078 0.004675949 0.005502175 0.006484375 0.007336232 0.008304051 0.009351898 0.01045574 0.0115996 0.0117437 0.0115996 0.0110805
0.006484375 0.007336232 0.008304051 0.009351898 0.01045574 0.01045574 0.009351898 0.008304051 0.007336232 0.006484375 0.005502175 0.004675949 0.003668116 0.002899901 0.00259375 0.001834058 0.001296875 0.001296875 0 0 0 0 0.001296875 0.00259375 0.003890625 0.003890625 0.003890625 0.003890625 0.003890625 0.003890625 0.003668116 0.002899901 0.001834058 0.001296875 0 0.001296875 0.001834058 0.00259375 0.00259375 0.00259375 0.00259375 0.00259375 0.00259375 0.00259375 0.00259375 0.002899901 0.003668116 0.004675949 0.005502175 0.006484375 0.007562016 0.008699702 0.009876706 0.0106943 0.01045574 0.010375 0.009876706
0.005502175 0.006484375 0.007562016 0.008699702 0.009876706 0.009876706 0.008699702 0.007562016 0.006484375 0.005502175 0.004675949 0.003668116 0.002899901 0.001834058 0.001296875 0.001296875 0 0 0 0.001296875 0 0 0.001296875 0.00259375 0.00259375 0.00259375 0.00259375 0.00259375 0.00259375 0.00259375 0.00259375 0.001834058 0.001296875 0 0 0.001296875 0.001296875 0.001296875 0.001296875 0.001296875 0.001296875 0.001296875 0.001296875 0.001296875 0.001296875 0.001834058 0.002899901 0.003668116 0.004675949 0.005799801 0.006983886 0.008202157 0.009441392 0.009441392 0.009170291 0.009078125 0.008699702
0.004675949 0.005799801 0.006983886 0.008202157 0.009351898 0.009170291 0.008202157 0.006983886 0.005799801 0.004675949 0.003668116 0.002899901 0.001834058 0.001296875 0 0 0 0.001296875 0.001296875 0 0 0 0.001296875 0.001296875 0.001296875 0.001296875 0.001296875 0.001296875 0.001296875 0.001296875 0.001296875 0.001296875 0 0 0.001296875 0.001296875 0 0 0 0 0 0 0 0 0 0.001296875 0.001834058 0.002899901 0.004101078 0.005347152 0.006612791 0.007888583 0.008699702 0.008202157 0.007888583 0.007781249 0.007562016
0.004101078 0.005347152 0.006484375 0.007562016 0.008699702 0.008304051 0.007336232 0.006484375 0.005347152 0.004101078 0.002899901 0.001834058 0.001296875 0 0 0.001296875 0.001296875 0.001834058 0.001834058 0.001296875 0 0 0 0 0 0 0 0 0 0 0 0 0 0 0 0 0 0.001296875 0.001296875 0.001296875 0.001296875 0.001296875 0.001296875 0.001296875 0 0 0.001296875 0.00259375 0.003890625 0.0051875 0.006484375 0.007781249 0.007562016 0.006983886 0.006612791 0.006484375 0.006484375
0.003668116 0.004675949 0.005799801 0.006983886 0.008202157 0.007562016 0.006484375 0.005502175 0.004675949 0.003668116 0.00259375 0.001296875 0 0 0.001296875 0.001834058 0.00259375 0.002899901 0.002899901 0.001834058 0.001296875 0.001296875 0.001296875 0.001296875 0.001296875 0.001296875 0.001296875 0.001296875 0.001296875 0.001296875 0.001296875 0.001296875 0.001296875 0.001296875 0.001296875 0.001296875 0.001296875 0.001834058 0.00259375 0.00259375 0.00259375 0.00259375 0.00259375 0.001834058 0.001296875 0 0.001296875 0.00259375 0.003890625 0.0051875 0.006484375 0.006983886 0.006484375 0.005799801 0.005347152 0.0051875 0.0051875
0.002899901 0.004101078 0.005347152 0.006484375 0.007562016 0.006983886 0.005799801 0.004675949 0.003668116 0.002899901 0.001834058 0.001296875 0 0.001296875 0.001834058 0.002899901 0.003668116 0.004101078 0.003668116 0.002899901 0.00259375 0.00259375 0.00259375 0.00259375 0.00259375 0.00259375 0.00259375 0.00259375 0.00259375 0.00259375 0.00259375 0.00259375 0.00259375 0.00259375 0.00259375 0.00259375 0.00259375 0.002899901 0.003668116 0.003890625 0.003890625 0.003890625 0.003668116 0.00259375 0.001296875 0 0.001296875 0.00259375 0.003890625 0.0051875 0.006484375 0.005799801 0.005347152 0.004675949 0.004101078 0.003890625 0.003890625
0.00259375 0.003668116 0.004675949 0.005799801 0.006983886 0.006612791 0.005347152 0.004101078 0.002899901 0.001834058 0.001296875 0 0 0.001296875 0.00259375 0.003668116 0.004675949 0.005347152 0.004675949 0.004101078 0.003890625 0.003890625 0.003890625 0.003890625 0.003890625 0.003890625 0.003890625 0.003890625 0.003890625 0.003890625 0.003890625 0.003890625 0.003890625 0.003890625 0.003890625 0.003890625 0.003890625 0.004101078 0.004675949 0.0051875 0.0051875 0.0051875 0.003890625 0.00259375 0.001296875 0 0.001296875 0.00259375 0.003890625 0.0051875 0.005502175 0.004675949 0.004101078 0.003668116 0.002899901 0.00259375 0.00259375
0.001834058 0.002899901 0.004101078 0.005347152 0.005799801 0.006484375 0.0051875 0.003890625 0.00259375 0.001296875 0 0 0.001296875 0.001834058 0.002899901 0.004101078 0.005347152 0.006484375 0.005799801 0.005347152 0.0051875 0.0051875 0.0051875 0.0051875 0.0051875 0.0051875 0.0051875 0.0051875 0.0051875 0.0051875 0.0051875 0.0051875 0.0051875 0.0051875 0.0051875 0.0051875 0.0051875 0.005347152 0.005799801 0.006484375 0.006484375 0.0051875 0.003890625 0.00259375 0.001296875 0 0.001296875 0.00259375 0.003890625 0.0051875 0.004675949 0.003668116 0.002899901 0.00259375 0.001834058 0.001296875 0.001296875
0.001296875 0.00259375 0.003668116 0.004101078 0.004675949 0.005347152 0.004675949 0.003668116 0.00259375 0.001296875 0 0.001296875 0.001834058 0.002899901 0.003668116 0.004675949 0.005799801 0.006484375 0.006484375 0.005799801 0.005347152 0.0051875 0.0051875 0.005347152 0.005799801 0.006484375 0.006484375 0.006484375 0.006484375 0.006484375 0.006484375 0.006484375 0.006484375 0.006484375 0.006484375 0.006484375 0.006484375 0.006612791 0.006983886 0.007562016 0.006484375 0.0051875 0.003890625 0.00259375 0.001296875 0 0.001296875 0.00259375 0.003668116 0.004675949 0.003668116 0.002899901 0.001834058 0.001296875 0.001296875 0 0
0.001296875 0.001834058 0.00259375 0.002899901 0.003668116 0.004101078 0.003668116 0.002899901 0.001834058 0.001296875 0 0.001296875 0.00259375 0.003668116 0.004675949 0.005502175 0.005347152 0.0051875 0.0051875 0.004675949 0.004101078 0.003890625 0.003890625 0.004101078 0.004675949 0.005502175 0.006484375 0.007562016 0.007781249 0.007781249 0.007781249 0.007781249 0.007781249 0.007781249 0.007781249 0.007781249 0.007781249 0.007888583 0.008202157 0.007781249 0.006484375 0.0051875 0.003890625 0.00259375 0.001296875 0 0.001296875 0.001834058 0.002899901 0.003668116 0.002899901 0.001834058 0.001296875 0 0 0 0.001296875
