data/streamdistance.asc
ncols         160
nrows         94
xllcorner     -88.279722219292
yllcorner     41.833093754158
cellsize      0.0012968749506399
NODATA_value  -9999
[rows 0 to 24 of 94, columns 0 to 56 of 160]
0.006612791 0.006484375 0.006484375 0.006484375 0.006484375 0.006484375 0.006484375 0.006484375 0.006484375 0.006484375 0.006484375 0.006484375 0.005799801 0.005347152 0.004675949 0.003668116 0.002899901 0.00259375 0.001834058 0.001296875 0.001296875 0 0 0 0.001296875 0.00259375 0.003890625 0.0051875 0.006484375 0.007781249 0.009078125 0.010375 0.01167187 0.01296875 0.01426562 0.0155625 0.01685937 0.01815625 0.01945313 0.02075 0.02204687 0.02334375 0.02464062 0.0259375 0.02723437 0.02853125 0.02982812 0.031125 0.03242187 0.03265448 0.03136722 0.03008079 0.0287953 0.02751087 0.02622767 0.02494589 0.02366575
0.005347152 0.0051875 0.0051875 0.0051875 0.0051875 0.0051875 0.0051875 0.0051875 0.0051875 0.0051875 0.0051875 0.0051875 0.004675949 0.004101078 0.003668116 0.002899901 0.001834058 0.001296875 0.001296875 0 0 0 0.001296875 0.001296875 0.001834058 0.002899901 0.004101078 0.005347152 0.006612791 0.007888583 0.009170291 0.01045574 0.0117437 0.01303343 0.01432445 0.01561644 0.01690918 0.01820251 0.0194963 0.02079049 0.02208498 0.02337974 0.02467473 0.0259699 0.02726523 0.02856071 0.0298563 0.03115201 0.0324478 0.03252546 0.03123288 0.02994068 0.0286489 0.02735761 0.02606686 0.02477676 0.0234874
0.004101078 0.003890625 0.003890625 0.003890625 0.003890625 0.003890625 0.003890625 0.003890625 0.003890625 0.003890625 0.003890625 0.003890625 0.003668116 0.002899901 0.00259375 0.001834058 0.001296875 0 0 0 0.001296875 0.001296875 0.001834058 0.00259375 0.002899901 0.003668116 0.004675949 0.005799801 0.006983886 0.008202157 0.009441392 0.0106943 0.0119566 0.01322558 0.0144995 0.01577717 0.01705773 0.01834058 0.01962528 0.02091148 0.02219892 0.0234874 0.02477676 0.02606686 0.02735761 0.0286489 0.02994068 0.03123288 0.03252546 0.0324478 0.03115201 0.0298563 0.02856071 0.02726523 0.0259699 0.02467473 0.02337974
0.002899901 0.00259375 0.00259375 0.00259375 0.00259375 0.00259375 0.00259375 0.00259375 0.00259375 0.00259375 0.00259375 0.00259375 0.00259375 0.001834058 0.001296875 0.001296875 0 0 0.001296875 0.001296875 0.001834058 0.00259375 0.002899901 0.003668116 0.004101078 0.004675949 0.005502175 0.006484375 0.007562016 0.008699702 0.009876706 0.0110805 0.01230324 0.01353977 0.01478665 0.01604146 0.01730247 0.01856842 0.01983837 0.02111159 0.02238753 0.02366575 0.02494589 0.02622767 0.02751087 0.0287953 0.03008079 0.03136722 0.03265448 0.03242187 0.031125 0.02982812 0.02853125 0.02723437 0.0259375 0.02464062 0.02334375
0.001834058 0.001296875 0.001296875 0.001296875 0.001296875 0.001296875 0.001296875 0.001296875 0.001296875 0.001296875 0.001296875 0.001296875 0.001296875 0.001296875 0 0 0 0.001296875 0.001834058 0.00259375 0.00259375 0.00259375 0.002899901 0.003668116 0.004675949 0.005502175 0.006484375 0.007336232 0.008304051 0.009351898 0.01045574 0.0115996 0.01277274 0.01396777 0.01517953 0.01640431 0.01763941 0.01888278 0.02013291 0.02138861 0.02264895 0.02391319 0.02518076 0.02645116 0.02772402 0.02899901 0.03027585 0.03155433 0.03280863 0.03242187 0.031125 0.02982812 0.02853125 0.02723437 0.0259375 0.02464062 0.02334375
0.001296875 0 0 0 0 0 0 0 0 0 0 0 0 0 0 0.001296875 0.001296875 0.001834058 0.001296875 0.001296875 0.001296875 0.001296875 0.001834058 0.002899901 0.003668116 0.004675949 0.005799801 0.006983886 0.008202157 0.009441392 0.0106943 0.0119566 0.01322558 0.0144995 0.0156702 0.01685937 0.01801676 0.01914813 0.0202993 0.0214671 0.02264895 0.02384276 0.02504682 0.02625972 0.02748029 0.02870755 0.02994068 0.03117899 0.03242187 0.03242187 0.031125 0.02982812 0.02853125 0.02723437 0.0259375 0.02464062 0.02334375
0 0 0.001296875 0.001296875 0.001296875 0.001296875 0.001296875 0.001296875 0.001296875 0.001296875 0.001296875 0.001296875 0 0 0.001296875 0.001296875 0.001296875 0.001296875 0 0 0 0 0.001296875 0.001834058 0.002899901 0.004101078 0.005347152 0.006612791 0.007888583 0.009170291 0.01045574 0.0117437 0.01296875 0.01402785 0.01512403 0.0162498 0.0173994 0.01856842 0.01975341 0.02095166 0.02216101 0.02337974 0.02460647 0.02584005 0.02707954 0.02832418 0.0295733 0.03082637 0.03208292 0.0324478 0.03115201 0.0298563 0.02856071 0.02726523 0.0259699 0.02467473 0.02337974
0.001296875 0.001296875 0.001834058 0.00259375 0.00259375 0.00259375 0.00259375 0.00259375 0.00259375 0.00259375 0.00259375 0.001834058 0.001296875 0 0 0 0 0 0 0.001296875 0.001296875 0 0 0.001296875 0.00259375 0.003890625 0.0051875 0.006484375 0.007781249 0.009078125 0.01012892 0.01115614 0.01223469 0.01335214 0.0144995 0.0156702 0.01685937 0.01806338 0.01927943 0.02050539 0.02173959 0.02298068 0.02422762 0.02547955 0.02673576 0.02799568 0.02925883 0.03052481 0.03179328 0.03252546 0.03123288 0.02994068 0.0286489 0.02735761 0.02606686 0.02477676 0.0234874
0.00259375 0.00259375 0.002899901 0.003668116 0.003890625 0.003890625 0.003890625 0.003890625 0.003890625 0.003890625 0.003668116 0.002899901 0.001834058 0.001296875 0.001296875 0.001296875 0.001296875 0.001296875 0.001296875 0.001834058 0.001296875 0 0 0.001296875 0.00259375 0.003890625 0.0051875 0.006484375 0.007336232 0.008304051 0.009351898 0.01045574 0.0115996 0.01277274 0.01396777 0.01517953 0.01640431 0.01763941 0.01888278 0.02013291 0.02138861 0.02264895 0.02391319 0.02518076 0.02645116 0.02772402 0.02899901 0.03027585 0.03155433 0.03265448 0.03136722 0.03008079 0.0287953 0.02751087 0.02622767 0.02494589 0.02366575
0.003890625 0.003890625 0.004101078 0.004675949 0.0051875 0.0051875 0.0051875 0.0051875 0.0051875 0.0051875 0.004675949 0.003668116 0.002899901 0.00259375 0.00259375 0.00259375 0.00259375 0.00259375 0.00259375 0.00259375 0.001296875 0 0 0.001296875 0.00259375 0.003668116 0.004675949 0.005502175 0.006484375 0.007562016 0.008699702 0.009876706 0.0110805 0.01230324 0.01353977 0.01478665 0.01604146 0.01730247 0.01856842 0.01983837 0.02111159 0.02238753 0.02366575 0.02494589 0.02622767 0.02751087 0.0287953 0.03008079 0.03136722 0.03265448 0.03155433 0.03027585 0.02899901 0.02772402 0.02645116 0.02518076 0.02391319
0.0051875 0.0051875 0.005347152 0.005799801 0.006484375 0.006484375 0.006484375 0.006484375 0.006484375 0.006484375 0.005502175 0.004675949 0.004101078 0.003890625 0.003890625 0.003890625 0.003890625 0.003890625 0.003890625 0.002899901 0.001834058 0.001296875 0 0.001296875 0.001834058 0.002899901 0.003668116 0.004675949 0.005799801 0.006983886 0.008202157 0.009441392 0.0106943 0.0119566 0.01322558 0.0144995 0.01577717 0.01705773 0.01834058 0.01962528 0.02091148 0.02219892 0.0234874 0.02477676 0.02606686 0.02735761 0.0286489 0.02994068 0.03123288 0.03252546 0.03179328 0.03052481 0.02925883 0.02799568 0.02673576 0.02547955 0.02422762
0.006484375 0.006484375 0.006612791 0.006983886 0.007562016 0.007781249 0.007781249 0.007781249 0.007781249 0.007336232 0.006484375 0.005799801 0.005347152 0.0051875 0.0051875 0.0051875 0.0051875 0.0051875 0.004675949 0.003668116 0.00259375 0.001296875 0 0 0.001296875 0.001834058 0.002899901 0.004101078 0.005347152 0.006612791 0.007888583 0.009170291 0.01045574 0.0117437 0.01303343 0.01432445 0.01561644 0.01690918 0.01820251 0.0194963 0.02079049 0.02208498 0.02337974 0.02467473 0.0259699 0.02726523 0.02856071 0.0298563 0.03115201 0.0324478 0.03203045 0.03082637 0.0295733 0.02832418 0.02707954 0.02584005 0.02460647
0.007781249 0.007781249 0.007888583 0.008202157 0.008699702 0.009078125 0.009078125 0.009078125 0.009078125 0.008304051 0.007562016 0.006983886 0.006612791 0.006484375 0.006484375 0.006484375 0.006484375 0.006484375 0.005347152 0.004101078 0.002899901 0.001834058 0.001296875 0 0 0.001296875 0.00259375 0.003890625 0.0051875 0.006484375 0.007781249 0.009078125 0.010375 0.01167187 0.01296875 0.01426562 0.0155625 0.01685937 0.01815625 0.01945313 0.02075 0.02204687 0.02334375 0.02464062 0.0259375 0.02723437 0.02853125 0.02982812 0.03082637 0.0313404 0.03082637 0.03035907 0.02994068 0.02870755 0.02748029 0.02625972 0.02504682
0.009078125 0.009078125 0.009170291 0.009441392 0.009876706 0.010375 0.010375 0.010375 0.01012892 0.009351898 0.008699702 0.008202157 0.007888583 0.007781249 0.007781249 0.007781249 0.007781249 0.006983886 0.005799801 0.004675949 0.003668116 0.002899901 0.001834058 0.001296875 0 0.001296875 0.00259375 0.003890625 0.0051875 0.006484375 0.007781249 0.009078125 0.010375 0.01167187 0.01296875 0.01426562 0.0155625 0.01685937 0.01815625 0.01945313 0.02075 0.02204687 0.02334375 0.02464062 0.0259375 0.02723437 0.02853125 0.02914364 0.02963012 0.03016454 0.02963012 0.02914364 0.02870755 0.02832418 0.02772402 0.02645116 0.02518076
0.010375 0.010375 0.01045574 0.0106943 0.0110805 0.0115996 0.01167187 0.01167187 0.01115614 0.01045574 0.009876706 0.009441392 0.009170291 0.009078125 0.009078125 0.009078125 0.008699702 0.007562016 0.006484375 0.005347152 0.004101078 0.002899901 0.001834058 0.001296875 0 0.001296875 0.00259375 0.003890625 0.0051875 0.006484375 0.007781249 0.009078125 0.010375 0.01167187 0.01296875 0.01426562 0.0155625 0.01685937 0.01815625 0.01945313 0.02075 0.02204687 0.02334375 0.02464062 0.0259375 0.02707954 0.02748029 0.02793554 0.02844269 0.02899901 0.02844269 0.02793554 0.02748029 0.02707954 0.02673576 0.02622767 0.02494589
0.01167187 0.01167187 0.0117437 0.0119566 0.01230324 0.01277274 0.01296875 0.01296875 0.01223469 0.0115996 0.0110805 0.0106943 0.01045574 0.010375 0.010375 0.010375 0.009078125 0.007781249 0.006484375 0.0051875 0.003890625 0.00259375 0.001296875 0 0 0.001296875 0.00259375 0.003890625 0.0051875 0.006484375 0.007781249 0.009078125 0.010375 0.01167187 0.01296875 0.01426562 0.0155625 0.01685937 0.01815625 0.01945313 0.02075 0.02204687 0.02334375 0.02464062 0.02547955 0.02584005 0.02625972 0.02673576 0.02726523 0.02784509 0.02726523 0.02673576 0.02625972 0.02584005 0.02547955 0.02518076 0.02477676
0.01296875 0.01296875 0.01303343 0.01322558 0.01353977 0.01396777 0.01426562 0.01402785 0.01335214 0.01277274 0.01230324 0.0119566 0.0117437 0.01167187 0.01167187 0.010375 0.009078125 0.007781249 0.006484375 0.0051875 0.003890625 0.00259375 0.001296875 0 0.001296875 0.001834058 0.002899901 0.004101078 0.005347152 0.006612791 0.007888583 0.009170291 0.01045574 0.0117437 0.01303343 0.01432445 0.01561644 0.01690918 0.01820251 0.0194963 0.02079049 0.02208498 0.02337974 0.02391319 0.02422762 0.02460647 0.02504682 0.02554547 0.0260991 0.02670429 0.0260991 0.02554547 0.02504682 0.02460647 0.02422762 0.02391319 0.02366575
0.01426562 0.01426562 0.01432445 0.0144995 0.01478665 0.01517953 0.0155625 0.01512403 0.0144995 0.01396777 0.01353977 0.01322558 0.01303343 0.01296875 0.0117437 0.01045574 0.009170291 0.007888583 0.006612791 0.005347152 0.004101078 0.002899901 0.001834058 0.001296875 0.001834058 0.002899901 0.003668116 0.004675949 0.005799801 0.006983886 0.008202157 0.009441392 0.0106943 0.0119566 0.01322558 0.0144995 0.01577717 0.01705773 0.01834058 0.01962528 0.02091148 0.02219892 0.02238753 0.02264895 0.02298068 0.02337974 0.02384276 0.02436607 0.02494589 0.02557837 0.02494589 0.02436607 0.02384276 0.02337974 0.02298068 0.02264895 0.02238753
0.0155625 0.0155625 0.01561644 0.01577717 0.01604146 0.01640431 0.01685937 0.0162498 0.0156702 0.01517953 0.01478665 0.0144995 0.01432445 0.01322558 0.0119566 0.0106943 0.009441392 0.008202157 0.006983886 0.005799801 0.004675949 0.003668116 0.002899901 0.00259375 0.002899901 0.003668116 0.004675949 0.005502175 0.006484375 0.007562016 0.008699702 0.009876706 0.0110805 0.01230324 0.01353977 0.01478665 0.01604146 0.01730247 0.01856842 0.01983837 0.02079049 0.02091148 0.02111159 0.02138861 0.02173959 0.02216101 0.02264895 0.0231992 0.02380746 0.02446939 0.02380746 0.0231992 0.02264895 0.02216101 0.02173959 0.02138861 0.02111159
0.01685937 0.01685937 0.01690918 0.01705773 0.01730247 0.01763941 0.01801676 0.0173994 0.01685937 0.01640431 0.01604146 0.01577717 0.01478665 0.01353977 0.01230324 0.0110805 0.009876706 0.008699702 0.007562016 0.006484375 0.005502175 0.004675949 0.004101078 0.003890625 0.004101078 0.004675949 0.005502175 0.006484375 0.007336232 0.008304051 0.009351898 0.01045574 0.0115996 0.01277274 0.01396777 0.01517953 0.01640431 0.01763941 0.01888278 0.01945313 0.0194963 0.01962528 0.01983837 0.02013291 0.02050539 0.02095166 0.0214671 0.02204687 0.02268605 0.02337974 0.02268605 0.02204687 0.0214671 0.02095166 0.02050539 0.02013291 0.01983837
0.01815625 0.01815625 0.01820251 0.01834058 0.01856842 0.01888278 0.01914813 0.01856842 0.01806338 0.01763941 0.01730247 0.01640431 0.01517953 0.01396777 0.01277274 0.0115996 0.01045574 0.009351898 0.008304051 0.007336232 0.006484375 0.005799801 0.005347152 0.0051875 0.005347152 0.005799801 0.006484375 0.007336232 0.008304051 0.009170291 0.01012892 0.01115614 0.01223469 0.01335214 0.0144995 0.0156702 0.01685937 0.01806338 0.01815625 0.01815625 0.01820251 0.01834058 0.01856842 0.01888278 0.01927943 0.01975341 0.0202993 0.02091148 0.0215843 0.02231228 0.0215843 0.02091148 0.0202993 0.01975341 0.01927943 0.01888278 0.01856842
0.01945313 0.01945313 0.0194963 0.01962528 0.01983837 0.02013291 0.0202993 0.01975341 0.01927943 0.01888278 0.01806338 0.01685937 0.0156702 0.0144995 0.01335214 0.01223469 0.01115614 0.01012892 0.009170291 0.008304051 0.007562016 0.006983886 0.006612791 0.006484375 0.006612791 0.006983886 0.007562016 0.008304051 0.009170291 0.01012892 0.01100435 0.0119566 0.01296875 0.01402785 0.01512403 0.0162498 0.01705773 0.01690918 0.01685937 0.01685937 0.01690918 0.01705773 0.01730247 0.01763941 0.01806338 0.01856842 0.01914813 0.01979594 0.02050539 0.02127033 0.02050539 0.01979594 0.01914813 0.01856842 0.01806338 0.01763941 0.01730247
0.02075 0.02075 0.02079049 0.02091148 0.02111159 0.02138861 0.0214671 0.02095166 0.02050539 0.01975341 0.01856842 0.0173994 0.0162498 0.01512403 0.01402785 0.01296875 0.0119566 0.01100435 0.01012892 0.009351898 0.008699702 0.008202157 0.007888583 0.007781249 0.007888583 0.008202157 0.008699702 0.009351898 0.01012892 0.01100435 0.0119566 0.01283841 0.01378597 0.01478665 0.01583038 0.01604146 0.01577717 0.01561644 0.0155625 0.0155625 0.01561644 0.01577717 0.01604146 0.01640431 0.01685937 0.0173994 0.01801676 0.0187038 0.01945313 0.02025783 0.01945313 0.0187038 0.01801676 0.0173994 0.01685937 0.01640431 0.01604146
0.02204687 0.02204687 0.02208498 0.02219892 0.02238753 0.02264895 0.02264895 0.02216101 0.0214671 0.0202993 0.01914813 0.01801676 0.01690918 0.01583038 0.01478665 0.01378597 0.01283841 0.0119566 0.01115614 0.01045574 0.009876706 0.009441392 0.009170291 0.009078125 0.009170291 0.009441392 0.009876706 0.01045574 0.01115614 0.0119566 0.01283841 0.01378597 0.01467246 0.01561644 0.01517953 0.01478665 0.0144995 0.01432445 0.01426562 0.01426562 0.01432445 0.0144995 0.01478665 0.01517953 0.0156702 0.0162498 0.01690918 0.01763941 0.01843206 0.01927943 0.01843206 0.01763941 0.01690918 0.0162498 0.0156702 0.01517953 0.01478665
0.02334375 0.02334375 0.02337974 0.0234874 0.02366575 0.02391319 0.02384276 0.0231992 0.02204687 0.02091148 0.01979594 0.0187038 0.01763941 0.0166081 0.01561644 0.01467246 0.01378597 0.01296875 0.01223469 0.0115996 0.0110805 0.0106943 0.01045574 0.010375 0.01045574 0.0106943 0.0110805 0.0115996 0.01223469 0.01296875 0.01378597 0.01467246 0.01512403 0.0144995 0.01396777 0.01353977 0.01322558 0.01303343 0.01296875 0.01296875 0.01303343 0.01322558 0.01353977 0.01396777 0.0144995 0.01512403 0.01583038 0.0166081 0.01744767 0.01834058 0.01744767 0.0166081 0.01583038 0.01512403 0.0144995 0.01396777 0.01353977
